1.428065369567979752e-25
1.787215154364254674e-25
2.231883341028658675e-25
2.780320606098644598e-25
3.454262442599830030e-25
4.278829745558353577e-25
5.282318528557359561e-25
6.497673970641201049e-25
7.959661423106983236e-25
9.708544146997284149e-25
1.178163359404200609e-24
1.422007475727393394e-24
1.705515648817994183e-24
2.031299782996413114e-24
2.400041663107651143e-24
2.810214507493535514e-24
3.255901668522455981e-24
3.726443950421095092e-24
4.204352648453489600e-24
4.664549645510254171e-24
5.089920846455523107e-24
5.469360623822342534e-24
5.780349381542129845e-24
6.003035472595216661e-24
6.121930484682992641e-24
6.128142947982346225e-24
6.025132246229362256e-24
5.824963728636670241e-24
5.546320520486042765e-24
5.211464567856498413e-24
4.846345428642173857e-24
4.475299506910984181e-24
4.117539079832532041e-24
3.787366856091342938e-24
3.492811647929473982e-24
3.238606297605693128e-24
3.026552333034182029e-24
2.850791468898900009e-24
2.676009694604487656e-24
2.369071404431290809e-24
1.970542607077171887e-24
1.586605027570050357e-24
1.236217877011429628e-24
9.347523549012081045e-25
6.886957035501438333e-25
4.962970144728558938e-25
3.510529790597664342e-25
2.444175594365834226e-25
1.680342730262715565e-25
1.143589353339993573e-25
7.723147853074529632e-26
5.187682877989591503e-26
3.480714700737123495e-26
2.425663536460112027e-26
1.468627546557004675e-26
8.766587412917425767e-27
5.182439168757683137e-27
3.031769244522216036e-27
1.750224304347623464e-27
0.000000000000000000e+00
