2.150468130275133944e-24 9.715077442308800489e-25 4.108748029925572062e-25 1.352466137157459461e-25 6.669479100460146446e-26 3.630953471250011385e-26 1.713052067965987893e-26 5.729259928039618423e-27 3.386602646667518050e-26 2.487350457597224365e-26 1.838723943691097068e-26 1.233263829022941517e-26 8.586232128315911290e-27 5.617403188820923269e-27 2.729205586750605246e-27 1.216145338032614256e-27 1.320885944620997044e-26 1.086563635778902467e-26 8.784139666119535931e-27 6.427128465343907962e-27 4.872253068369077097e-27 3.599764091340017196e-27 2.464541924749440789e-27 1.144134137369248639e-27 1.427658581221649781e-27 6.716485869511573492e-28
2.724481871343250422e-24 1.211456794543255780e-24 5.059788198070976793e-25 1.637513748325231808e-25 8.054271082474530310e-26 4.390760913220100684e-26 2.078050015058067934e-26 6.969179516343723218e-27 4.007872957671816374e-26 2.928863333369868878e-26 2.156000908931999790e-26 1.439977652544705575e-26 1.000456875744684917e-26 6.536968286143037315e-27 3.171732398102001999e-27 1.412939283959089775e-27 1.530748243500256469e-26 1.259026928908614132e-26 1.017708088663521716e-26 7.444701205757447050e-27 5.642734221710933278e-27 4.168212854501372425e-27 2.852920500646319539e-27 1.324299676990873619e-27 1.669218921060955024e-27 7.860189831593549665e-28
3.467985436194798502e-24 1.509561331330590554e-24 6.231807540674694377e-25 1.982233192025461760e-25 9.716494347117049341e-26 5.301222765267626360e-26 2.515913839037118884e-26 8.459461627297988999e-27 4.744004555044007808e-26 3.448673723183586805e-26 2.527048240190362168e-26 1.679301204156647318e-26 1.163559791219932607e-26 7.589829071916499687e-27 3.675734110439817887e-27 1.636793617679511206e-27 1.767730576511857335e-26 1.453728247742008309e-26 1.174925401796281866e-26 8.592689822584172101e-27 6.511723008550043928e-27 4.809172926099596322e-27 3.290726035354377516e-27 1.527371940015899782e-27 1.942058934008971523e-27 9.152936996965860756e-28
4.418297072081482863e-24 1.878715862457698000e-24 7.673154918395988817e-25 2.398666800081039210e-25 1.170846273669135728e-25 6.388178971477726545e-26 3.039528395625787137e-26 1.024630800029951752e-26 5.615092225794936762e-26 4.060116863580572014e-26 2.960757736135780292e-26 1.956280451753427703e-26 1.350850085155570956e-26 8.791834667610606950e-27 4.246798466336682031e-27 1.889867129194025634e-27 2.032669165851958213e-26 1.671341348600957061e-26 1.350599665971633015e-26 9.874841691246179516e-27 7.481993452788918463e-27 5.524634020914947783e-27 3.779269480031566439e-27 1.753947295133148894e-27 2.246582039562369587e-27 1.059684436747224384e-27
5.621566406821532947e-24 2.334288663355952554e-24 9.441508064874044766e-25 2.900996388194880777e-25 1.409046714826508172e-25 7.682791758426228358e-26 3.663102079300716347e-26 1.237733380462919525e-26 6.643291409647070532e-26 4.777488506553940478e-26 3.466290460704661752e-26 2.275712494719439567e-26 1.564840530169488169e-26 1.015474102051500115e-26 4.888260040423954630e-27 2.173348522949930661e-27 2.325630695081242214e-26 1.911889736223281513e-26 1.544724995444049106e-26 1.129071842432562659e-26 8.553023273273707036e-27 6.314097626780831204e-27 4.318134846642937448e-27 2.003824051885647511e-27 2.581771207416146204e-27 1.218712884413420432e-27
7.132920456001429105e-24 2.894251860134562157e-24 1.160386321878591826e-24 3.505386466424869942e-25 1.693128698788249970e-25 9.218769936016277734e-26 4.402732934603675302e-26 1.491033146781098239e-26 7.854370029802726949e-26 5.618059873655787429e-26 4.055189662914522096e-26 2.644234067390355599e-26 1.809398453149228619e-26 1.169893267307956171e-26 5.606253774811160102e-27 2.489497373861490594e-27 2.646143116253028919e-26 2.174967269721032290e-26 1.756956161895662228e-26 1.283757304283252672e-26 9.722594452754165152e-27 7.175848166766281211e-27 4.906024992421976625e-27 2.276373568340299706e-27 2.946537536338677242e-27 1.391869542332171433e-27
9.017227085358652535e-24 3.578827893921122226e-24 1.423492033200203531e-24 4.229573289234849813e-25 2.030837533367748751e-25 1.103568041452842495e-25 5.276317014196520703e-26 1.790482226815428372e-26 9.279950061368065847e-26 6.603123537957849270e-26 4.741876102226964927e-26 3.070162673029980450e-26 2.089489289481876113e-26 1.345086037971804740e-26 6.408172186076161971e-27 2.840987830327161344e-27 2.993633216409169796e-26 2.460038659193563194e-26 1.986829670338276011e-26 1.451194083674065807e-26 1.098809258905232929e-26 8.107916921428643268e-27 5.541579393180771579e-27 2.570962493656723220e-27 3.339278856601535409e-27 1.578404750012672734e-27
1.134932888654160526e-23 4.411396690803714348e-24 1.742269313931468682e-24 5.095050241006247176e-25 2.431151994861516692e-25 1.317501628156667662e-25 6.303124957672260977e-26 2.142759693237548811e-26 1.095325532820076426e-25 7.755212784378957838e-26 5.541392875114492840e-26 3.562113554819288641e-26 2.410195301126293860e-26 1.543781858118936211e-26 7.300656501568736802e-27 3.229643983373019666e-27 3.366884712636983058e-26 2.766201358649836700e-26 2.233641492584494563e-26 1.630724245258797597e-26 1.234380448035565900e-26 9.105799782386915908e-27 6.221543104586524017e-27 2.886058101556686769e-27 3.757373956525490383e-27 1.777075597193182305e-27
1.421295598741623053e-23 5.416865395880638451e-24 2.126014693594238938e-24 6.122727904864766401e-25 2.902331875107510453e-25 1.567705313815653328e-25 7.499950955621403431e-26 2.554241717541488061e-26 1.291003235201049394e-25 9.098735112070342637e-26 6.470482825853905982e-26 4.130095931768302208e-26 2.777686238645673055e-26 1.769494949942439508e-26 8.294370246106479513e-27 3.658936735221303948e-27 3.762871595079133609e-26 3.090774810129085129e-26 2.495115679971004935e-26 1.820798432674840905e-26 1.377872813538667507e-26 1.016167043060149270e-26 6.940639675477309131e-27 3.219205081895179424e-27 4.196377826555553689e-27 1.985769182597377028e-27
1.770328444927808989e-23 6.623370897555421613e-24 2.584680062056468245e-24 7.336109317986875588e-25 3.454489838423164495e-25 1.858801045076072563e-25 8.891699630470907280e-26 3.031619216624612487e-26 1.518960448530285227e-25 1.066096865682847850e-25 7.547845705445008403e-26 4.785208349599043785e-26 3.198834156923622735e-26 2.026140810467769715e-26 9.401413243019837878e-27 4.132436732985635785e-27 4.177416471007140940e-26 3.430432692446793106e-26 2.768644578238178977e-26 2.019338051583100237e-26 1.527583252258770128e-26 1.126225234443867737e-26 7.689443660209749160e-27 3.565990534150492153e-27 4.650572538454335224e-27 2.201771862537772084e-27
2.192240635963135913e-23 8.056775071922951026e-24 3.128080272157202926e-24 8.756430707036015008e-25 4.096912866776977975e-25 2.195132193506945271e-25 1.049348227643419715e-25 3.582670491026585511e-26 1.782992000558805383e-25 1.246874876865895289e-25 8.792289158500143637e-26 5.539134816844630776e-26 3.681081928506285817e-26 2.318016329303736072e-26 1.063705443269973389e-26 4.655443828336388751e-27 4.604385145232681721e-26 3.780108335950281577e-26 3.050070809089302624e-26 2.223413753428568401e-26 1.681376473247234504e-26 1.239228751880077104e-26 8.457559594084061296e-27 3.921569995917915434e-27 5.112153852667134754e-27 2.421367419136778499e-27
2.697927266318884737e-23 9.745562888905203473e-24 3.765607228154934615e-24 1.040413854549898057e-24 4.837399767637059221e-25 2.580244467866830703e-25 1.231902874556046070e-25 4.209991729851972284e-26 2.086425089802066881e-25 1.454575120038633442e-25 1.022060816051013608e-25 6.402245081045609631e-26 4.231120637116715416e-26 2.649042221636569586e-26 1.201612289104566160e-26 5.233385044968403248e-27 5.035608134348668764e-26 4.133052892439730143e-26 3.333998172884586142e-26 2.429069080381885512e-26 1.836241212425733753e-26 1.352943913958158083e-26 9.229986016039020250e-27 4.279063239799216956e-27 5.571512116301635112e-27 2.639990060963363516e-27
3.297745335868431329e-23 1.170879576972042717e-23 4.503533347273626924e-24 1.229194846219393498e-24 5.682095601571926173e-25 3.016150913105149306e-25 1.437763743844188904e-25 4.916232610016521099e-26 2.431910507365170203e-25 1.691145100447706820e-25 1.184645924665359898e-25 7.383577948590681435e-26 4.855102385092070587e-26 3.023045850574553895e-26 1.355557916834655078e-26 5.873144709162362831e-27 5.461189010575445019e-26 4.481086285927517422e-26 3.613783045103276404e-26 2.631377825070495495e-26 1.988401519488352702e-26 1.464568274327153208e-26 9.987071336323072267e-27 4.629233225406766774e-27 6.017895156781098951e-27 2.852508809521022214e-27
4.001539849764188013e-23 1.396347720876324739e-23 5.346059565739915150e-24 1.442041280965425949e-24 6.630911434169997109e-25 3.503570487590788582e-25 1.667129321743316135e-25 5.703713511252157970e-26 2.820936541199154546e-25 1.957738524276191696e-25 1.367909870139235838e-25 8.489516384159280404e-26 5.557618141431440465e-26 3.443007552288137475e-26 1.527106299439667525e-26 6.581698683275178254e-27 5.871134601807906604e-26 4.815834010379625729e-26 3.882654900986636521e-26 2.825508128687096190e-26 2.134276395042949450e-26 1.571489895656049686e-26 1.071154196238297095e-26 4.964201764230157977e-27 6.439362269194492474e-27 3.053238303719015350e-27
4.817410863572818350e-23 1.650932352109556851e-23 6.289463386241136436e-24 1.677474833030031755e-24 7.678102472389730869e-25 4.038555238660686891e-25 1.917803131619602001e-25 6.563669745796817966e-26 3.252394679709068945e-25 2.253949711421957775e-25 1.571814283932690723e-25 9.721945130684149855e-26 6.340884210426957164e-26 3.910798323759161400e-26 1.717547695994371921e-26 7.365201835501126175e-27 6.252869926228107497e-26 5.126883707235642739e-26 4.132153910561349104e-26 3.005344379695509991e-26 2.269261923875918880e-26 1.670342126191557351e-26 1.138052681305664614e-26 5.273363290690193348e-27 6.822616449763567664e-27 3.235857561586505828e-27
5.751420793714491134e-23 1.932794009846063708e-23 7.322180739929274267e-24 1.931077106129813209e-24 8.806634685702526264e-25 4.613274463347948779e-25 2.186243448928163746e-25 7.485560971277987521e-26 3.723359340619602188e-25 2.578018639589922782e-25 1.795285629026943324e-25 1.107627309306821249e-25 7.203143977873085186e-26 4.426068313333291013e-26 1.927620104390571503e-26 8.228394894907206466e-27 6.595696945360438971e-26 5.405292366619483708e-26 4.354928403983035644e-26 3.165464616348846300e-26 2.389242093369279061e-26 1.758078908404639916e-26 1.197283069360438020e-26 5.546813977203359469e-27 7.155260212230898086e-27 3.394428192514619208e-27
6.806701701918558405e-23 2.237246500709285785e-23 8.420486614510830972e-24 2.194935433468214628e-24 9.984252675762836714e-25 5.212266563096232197e-25 2.465877188781375926e-25 8.447575457753670540e-26 4.225025122110099054e-25 2.924395749811916136e-25 2.034832523382951166e-25 1.253392977515549157e-25 8.134142767682735317e-26 4.983825180156040803e-26 2.156246733959607549e-26 9.168675840250624096e-27 6.887642017014048884e-26 5.640838798721161425e-26 4.542513116361404230e-26 3.299420085720588975e-26 2.489356613312000058e-26 1.831151839820282640e-26 1.246500945240631064e-26 5.773839611197215522e-27 7.425550915354597777e-27 3.523415594454322420e-27
7.980674716180576015e-23 2.555430419361855901e-23 9.541342233106221098e-24 2.455495306086353446e-24 1.115690154997664566e-24 5.811409077396727278e-25 2.746092684011577511e-25 9.415376615964265684e-26 4.745090027303110988e-25 3.284887028312954623e-25 2.285102484552601799e-25 1.406360950676573961e-25 9.114493006537731712e-26 5.573125637064746744e-26 2.399704635897540359e-26 1.017264622115026483e-26 7.116269908053425476e-26 5.823013125875345293e-26 4.686314818421441349e-26 3.400953659151924780e-26 2.564880119738554579e-26 1.886118044305054228e-26 1.283367223475175193e-26 5.943596090876907492e-27 7.619503909725689468e-27 3.616031651821283947e-27
9.266285157277809645e-23 2.874283720113264310e-23 1.062449275658096096e-23 2.692439588458829945e-24 1.224529782808880143e-24 6.374184051636963671e-25 3.011517026852771825e-25 1.034155017862481113e-25 5.262540439831733283e-25 3.645242402369685976e-25 2.536433717347900287e-25 1.560975230243005960e-25 1.011031895589733774e-25 6.174598457444362966e-26 2.650840134487780254e-26 1.121282426494095348e-26 7.269769020681086763e-26 5.941680604281123089e-26 4.777805868377524773e-26 3.463461012661429586e-26 2.610695634191060331e-26 1.919183497942909666e-26 1.305345718407445936e-26 6.044434708193709710e-27 7.722897765757322552e-27 3.665697836537804108e-27
1.065487493668027407e-22 3.174829757826941174e-23 1.158149103043726176e-23 2.875303955720803846e-24 1.313283490183061772e-24 6.848695560076254867e-25 3.240962745980540775e-25 1.115895432990988770e-25 5.752958577937970247e-25 3.988411000680769908e-25 2.776998310161540701e-25 1.709999942434401438e-25 1.107678906639880342e-25 6.762104129638150214e-26 2.898781260863809363e-26 1.224489339322386316e-26 7.334994471528887597e-26 5.985516140047576585e-26 4.807434455128747184e-26 3.479418583759761120e-26 2.620939124246210683e-26 1.925917038469635083e-26 1.309395883497237142e-26 6.062294195592440149e-27 7.722357638485349880e-27 3.665865990725372292e-27
1.215059480098193597e-22 3.444970515615907486e-23 1.237159230539664460e-23 2.992386647411615105e-24 1.376234175751070804e-24 7.205041621017454451e-25 3.420185025830940340e-25 1.181763904558925217e-25 6.189682600388206251e-25 4.295636182210681437e-25 2.993276645645887654e-25 1.844675263320152624e-25 1.195480240012814687e-25 7.299982744549501571e-26 3.128907806201526464e-26 1.320899394889689543e-26 7.301225491280547117e-26 5.944860067945133305e-26 4.766955497370654093e-26 3.442124588281896688e-26 2.590330007068984285e-26 1.902319310915773701e-26 1.292736470327071808e-26 5.984327073481614046e-27 7.601557719729775532e-27 3.608832955345812912e-27
1.376653494989583932e-22 3.675350250045495417e-23 1.296886911021323129e-23 3.043415115620642636e-24 1.411408084038109016e-24 7.427599740396467776e-25 3.540050357050968485e-25 1.227947128836805743e-25 6.545188256732620612e-25 4.547716288016193695e-25 3.171808572742713177e-25 1.956525021529948886e-25 1.268695362793364861e-25 7.750405906131279662e-26 3.323932629018264918e-26 1.403277800442100739e-26 7.154845024334665718e-26 5.807359799478486885e-26 4.645818109700997078e-26 3.343059016769728931e-26 2.512092311927722626e-26 1.843279068034507314e-26 1.251786283599149548e-26 5.793786809329307985e-27 7.343301961765027205e-27 3.486489948845366820e-27
1.553157028058694623e-22 3.849248341041465391e-23 1.331388653918187694e-23 3.015154112372936935e-24 1.412105622638590880e-24 7.481598231727135459e-25 3.584222941765330892e-25 1.248809741021339157e-25 6.790272556443536845e-25 4.724321237076087706e-25 3.298356705391221716e-25 2.036751544871402216e-25 1.321580022946266785e-25 8.077564003966573387e-26 3.466836698879972927e-26 1.463972146620398048e-26 6.884366622421469692e-26 5.562100994988186856e-26 4.434021516681189892e-26 3.173743605302588212e-26 2.379301917134592829e-26 1.743424460862392076e-26 1.182739308049747439e-26 5.472765965763510524e-27 6.927668649028624389e-27 3.289253230705258431e-27
1.748853507728256532e-22 3.952130164003447417e-23 1.335498118751577960e-23 2.897474532432686745e-24 1.373146648107646866e-24 7.338377113973382862e-25 3.539051315031150817e-25 1.239701860031712050e-25 6.897029671379440595e-25 4.806128960108175038e-25 3.359549563799944747e-25 2.077172097078316962e-25 1.348871451689543943e-25 8.249417353712412111e-26 3.543908971067365562e-26 1.497024844618996466e-26 6.555782296487950815e-26 5.266136280808112887e-26 4.177513034937504787e-26 2.965704750905400539e-26 2.214825679980727496e-26 1.619059268728962126e-26 1.096266512080865883e-26 5.070000034029472196e-27 6.414099704532520899e-27 3.045445200361225001e-27
1.948733717312700255e-22 3.973861190243020061e-23 1.306558067282936199e-23 2.688712559527411896e-24 1.292075455563004631e-24 6.981203077314275234e-25 3.396052364105588226e-25 1.197724001829931664e-25 6.847742504954198763e-25 4.780953418308590387e-25 3.346934809865410786e-25 2.072636093580855126e-25 1.347262790929299922e-25 8.245898683383868406e-26 3.546435407340846014e-26 1.498669196039998782e-26 6.258331068643935811e-26 5.002417690720885793e-26 3.949072995982636332e-26 2.775061771831740598e-26 2.060999160750477543e-26 1.500925818236430021e-26 1.012740463646683224e-26 4.678934747702650154e-27 5.912577842698901607e-27 2.807330347827325620e-27
2.126776238231719945e-22 3.910350401305751794e-23 1.244330048144184020e-23 2.393546912766124895e-24 1.169757429930297622e-24 6.409255851530242686e-25 3.153299232192031350e-25 1.121846260363205853e-25 6.631342251538569423e-25 4.640953654521914081e-25 3.254989134974349953e-25 2.019668413013858623e-25 1.314466267568225610e-25 8.053069253499489838e-26 3.468795967410007255e-26 1.466659349364614565e-26 5.971894940291077171e-26 4.758432981552148603e-26 3.743577246009693029e-26 2.607798971880644467e-26 1.925817318945899880e-26 1.396435574896148624e-26 9.374566458964144885e-27 4.323594590450842416e-27 5.447967164985337121e-27 2.586742176449953390e-27
2.274929827589514351e-22 3.766809754867607839e-23 1.152077479199921828e-23 2.027089294922865616e-24 1.011322780178462922e-24 5.641623232773543079e-25 2.817004599693532312e-25 1.013557238627620058e-25 6.250947560552868969e-25 4.388362065752453161e-25 3.085306066553341569e-25 1.919363787905579834e-25 1.251245549901983145e-25 7.675554486001543399e-26 3.312654197105842858e-26 1.401623009300562764e-26 5.658382777026732430e-26 4.501166132417637010e-26 3.534147809049795511e-26 2.448031302123757575e-26 1.800277790847551773e-26 1.301019809444291772e-26 8.691547779648107866e-27 4.001092362136620642e-27 5.017689617866462194e-27 2.382450487107422653e-27
2.387194368244205539e-22 3.557072487851410227e-23 1.037048371627189656e-23 1.613105214701615591e-24 8.259784370300619687e-25 4.717128319609784469e-25 2.402555797798911798e-25 8.775206705736649377e-26 5.721866502094921936e-25 4.033212864869480421e-25 2.844802093462922936e-25 1.775874402324873568e-25 1.160290625528316478e-25 7.130163362038401669e-26 3.085582317753958682e-26 1.306792843940070593e-26 5.301367541320863896e-26 4.215217674278777559e-26 3.307197393105485538e-26 2.285040840802887992e-26 1.676711911364215689e-26 1.209452064405000353e-26 8.054154556908323419e-27 3.703016276115703901e-27 4.619956677522953154e-27 2.193611291233709700e-27
2.460313019099042436e-22 3.300152888338855237e-23 9.091903987455243014e-24 1.185051694129693202e-24 6.277011208717039255e-25 3.698684373211521385e-25 1.935373602316603392e-25 7.215553137211498116e-26 5.070973472900113987e-25 3.593614361210063959e-25 2.545777507108064059e-25 1.596787525988243345e-25 1.046460417706325613e-25 6.446233697573992004e-26 2.800039686369297180e-26 1.187418063262218297e-26 4.900272691331328968e-26 3.898434874011557156e-26 3.059681443114852445e-26 2.114487896059756514e-26 1.551146910989744691e-26 1.118478178788031404e-26 7.440605859758600626e-27 3.419402564474662622e-27 4.252227827844520871e-27 2.019017165066181246e-27
2.495029052959613481e-22 3.018014424554855226e-23 7.811220137297218713e-24 7.876766752192916397e-25 4.358533401340112740e-25 2.676953333930847312e-25 1.453292828355567482e-25 5.573033935296639571e-26 4.336101591805701703e-25 3.094726146636541589e-25 2.204997488075134255e-25 1.391992274750941670e-25 9.161029072150655814e-26 5.662224458771612313e-26 2.472317746884449551e-26 1.050387792605098968e-26 4.466958948321536722e-26 3.558878019256616779e-26 2.796801445263073923e-26 1.937859176443351024e-26 1.423649897591086553e-26 1.027587154135474862e-26 6.843119392664050046e-27 3.145906128142953432e-27 3.912836048738446226e-27 1.857879785019394489e-27
2.494563703427947647e-22 2.739667978355601835e-23 6.679846256102500042e-24 4.692033247080449611e-25 2.730167549658776722e-25 1.765142145710889789e-25 1.004736387144879119e-25 3.997078677290080105e-26 3.563753879031373895e-25 2.567222422798832130e-25 1.843008331291653556e-25 1.173466697427195953e-25 7.767426702545834722e-26 4.822946104938884311e-26 2.120948183542808829e-26 9.034457628091948020e-27 4.019906301472739615e-26 3.210341378263497227e-26 2.528577045925285429e-26 1.760351190290500826e-26 1.297071603101129975e-26 9.383015993963767030e-27 6.266148147477240226e-27 2.883568833973299929e-27 3.599612228385552018e-27 1.709168489992823945e-27
2.463967027818126524e-22 2.485697342617257189e-23 5.785013229036795888e-24 2.549396848510414847e-25 1.550992707367796086e-25 1.058276913846508121e-25 6.361200613103214406e-26 2.646321472443374687e-26 2.804831822673459766e-25 2.044125179908661542e-25 1.481508721624970211e-25 9.536442133027234058e-26 6.360002357550104841e-26 3.973710456301111435e-26 1.764810259951147326e-26 7.544185063060593462e-27 3.578715230555457409e-26 2.867456414899087466e-26 2.265669130151897605e-26 1.588060062549192854e-26 1.175126189159905743e-26 8.528291176319226216e-27 5.719274084896934520e-27 2.635885814479090215e-27 3.310612083525364201e-27 1.571956241686078191e-27
2.408320017344547627e-22 2.262970109938383008e-23 5.113783580091902286e-24 1.313486786751355766e-25 8.231791546759544627e-26 5.864047944071056583e-26 3.712374553266294996e-26 1.618847061979230165e-26 2.109397096254576278e-25 1.558664256206756236e-25 1.142689383777995238e-25 7.454194185190135782e-26 5.017833329169083667e-26 3.159665990265232253e-26 1.421355489897667799e-26 6.105187077329157082e-27 3.161320414071661778e-26 2.543878413590841945e-26 2.018162882914275001e-26 1.426806948355464225e-26 1.061393912485542324e-26 7.733328391173181324e-27 5.212343707660456173e-27 2.406521054189262086e-27 3.044154150648745570e-27 1.445453293089614764e-27
2.333106137613382935e-22 2.071558123863274609e-23 4.610995647265669663e-24 6.623140304736318834e-26 4.229119685764164015e-26 3.098683236765512959e-26 2.038396403695798350e-26 9.264556137348236972e-27 1.514805259554361796e-25 1.136681648745376230e-25 8.442184215467805180e-26 5.592953085382174899e-26 3.806813995649302535e-26 2.419820283681099981e-26 1.105710079078349759e-26 4.778366576043054439e-27 2.781151957935337888e-26 2.249693910762894371e-26 1.793383766353835163e-26 1.280553127325907761e-26 9.582059725486219215e-27 7.011194549749371022e-27 4.750246847854699259e-27 2.197133619597167242e-27 2.798693173609700136e-27 1.328914776629425129e-27
2.243801152115144088e-22 1.909825163543556496e-23 4.227886281802891467e-24 3.312603237945274194e-26 2.145865057171394024e-26 1.601610424507238570e-26 1.079450786808925184e-26 5.052771360334279471e-27 1.039316396865848459e-25 7.926193448574212436e-26 5.969476965321335222e-26 4.022611312969097767e-26 2.772566822340544778e-26 1.781880733196842369e-26 8.294630777723449462e-27 3.611260921629414215e-27 2.445678130831469311e-26 1.990267704972618355e-26 1.595049421617859726e-26 1.150893810272043570e-26 8.662678042075998189e-27 6.364722678191212382e-27 4.332284315995385406e-27 2.006940811109550921e-27 2.572245965186595051e-27 1.221398487528090257e-27
2.145166611305199979e-22 1.775211091837419294e-23 3.932059845301258126e-24 1.643696507412158191e-26 1.078984572489679195e-26 8.171183363067180183e-27 5.597933627019302392e-27 2.669072454589568123e-27 6.818015024440332832e-26 5.285097155255832987e-26 4.037971221318868962e-26 2.770440688658748311e-26 1.936020161867651635e-26 1.259814801620769673e-26 5.991121246608089801e-27 2.631683041689691973e-27 2.155856018899391620e-26 1.765689086074386657e-26 1.422870733342297410e-26 1.036863106944157196e-26 7.844981638623874617e-27 5.784533829251106288e-27 3.951730928634928217e-27 1.832735540985235381e-27 2.363834102148832368e-27 1.122467002826328828e-27
2.041428835542389713e-22 1.661169032191645640e-23 3.693004554055254249e-24 8.071167409840422490e-27 5.368886786087449221e-27 4.115529668710535469e-27 2.853503067671215910e-27 1.377368667976434153e-27 4.277683186068832421e-26 3.368932188206241099e-26 2.611118231690814130e-26 1.824814128618594237e-26 1.294185750128791149e-26 8.539083512515874658e-27 4.160297514902383302e-27 1.846885905858465905e-27 1.906512741483333754e-26 1.571130757548098329e-26 1.272523225356210903e-26 9.350241855965498633e-27 7.103440203375741482e-27 5.252334752842656179e-27 3.598967299860718881e-27 1.670682312854905581e-27 2.171643386816744157e-27 1.031232789271614008e-27
1.933106263477584049e-22 1.562278855094228749e-23 3.488585868033301470e-24 3.912534553500331089e-27 2.637410997539080205e-27 2.043961591259591714e-27 1.430889674137529367e-27 6.967318417615655124e-28 2.565584669461558098e-26 2.051112597733720279e-26 1.612244867262031410e-26 1.147767591104964830e-26 8.268265728091294022e-27 5.540750536838383796e-27 2.775117815898691937e-27 1.247820087020379479e-27 1.686958232215100677e-26 1.397494269449589915e-26 1.136576641031910638e-26 8.408930031685892864e-27 6.411209094668966411e-27 4.752366671381676771e-27 3.266639595563787556e-27 1.518064306026032016e-27 1.994414893041957499e-27 9.471055740933747368e-28
1.819548081841352265e-22 1.473084551505143163e-23 3.315146851684237738e-24 1.838904368818563584e-27 1.258929642669981902e-27 9.864950002295776611e-28 6.966588528055503005e-28 3.416966115438015091e-28 1.456427765136370907e-26 1.181618422812792156e-26 9.422380839428297686e-27 6.839675950919963229e-27 5.013793126426489443e-27 3.422584213606692661e-27 1.773161940916095087e-27 8.108225156751784169e-28 1.483649328976495798e-26 1.234640074438824240e-26 1.007871913567109303e-26 7.508362585645942192e-27 5.748438349477361783e-27 4.274595039416028081e-27 2.950606307465408314e-27 1.373198411807832949e-27 1.831190837247275371e-27 8.696356676887767197e-28
1.691585222439142745e-22 1.351276040442790737e-23 3.106794631581069648e-24 7.108474008646358024e-28 4.962956222895712607e-28 3.937632677102967229e-28 2.807377602174338806e-28 1.387096662811121340e-28 7.222911036571228226e-27 6.000016083834319078e-27 4.899615092191391929e-27 3.669934577587772670e-27 2.767773443288198560e-27 1.947111682118545207e-27 1.063062723396987638e-27 4.985865936839051281e-28 1.287014276420922553e-26 1.076177888351308892e-26 8.824628992524019584e-27 6.634042198797687715e-27 5.107273377444554871e-27 3.813976714988438374e-27 2.647601092674595097e-27 1.234597155927347957e-27 1.680527313247828864e-27 7.981378122690356209e-28
1.563872414366857381e-22 1.197217575019302899e-23 2.853363599500091597e-24 2.528404514267050999e-28 1.787964403372632297e-28 1.431203522097223564e-28 1.027252227937730110e-28 5.101380062808895499e-29 3.288204034302664061e-27 2.817092413410431253e-27 2.375510073272348923e-27 1.854709134541967982e-27 1.452027270433834618e-27 1.062110305906623798e-27 6.181252914386737623e-28 2.985609927525860263e-28 1.097918927680868309e-26 9.233838696949304317e-27 7.613789297449605487e-27 5.789470240348291930e-27 4.488567144015707093e-27 3.370165681260616325e-27 2.356625510735483897e-27 1.101680894280827549e-27 1.541340057417444392e-27 7.321002480227827168e-28
1.453130078988604358e-22 1.039697518739382500e-23 2.580306546237915629e-24 9.360881984153313781e-29 6.682418759659128632e-29 5.384632511649680406e-29 3.882311292580115927e-29 1.934049660818038675e-29 1.567764103690562425e-27 1.386767214767094853e-27 1.207163030535556158e-27 9.798019379304846859e-28 7.931915801499832998e-28 6.000434136003105361e-28 3.679098121780660121e-28 1.818412285064146553e-28 9.223060359321723449e-27 7.805241360563732598e-27 6.475582622110346306e-27 4.988814944539497148e-27 3.899958525918124602e-27 2.947208125009078146e-27 2.079081993194772476e-27 9.748812361430797357e-28 1.412667497749495695e-27 6.710628360760158904e-28
1.356686195783853165e-22 8.810287058791213628e-24 2.283802678838276607e-24 3.579505268910295976e-29 2.573748281478228636e-29 2.084059096887291998e-29 1.507554939013236880e-29 7.525559985385854502e-30 8.240849421810748882e-28 7.479247934849697930e-28 6.665050052338357299e-28 5.560035324967811714e-28 4.601998460332621981e-28 3.554359892670578747e-28 2.243949783506503535e-28 1.123129817614227123e-28 7.636873639198614287e-27 6.503945094939370654e-27 5.431313539109529955e-27 4.244138825916667187e-27 3.348487159740464168e-27 2.548991530722797782e-27 1.816486668940796807e-27 8.547294429768857977e-28 1.293714871796170233e-27 6.146552910454536856e-28
1.269052591200363103e-22 7.259325789139283997e-24 1.966602315915153931e-24 1.396426965279668209e-29 1.009780163758716042e-29 8.206120173900034149e-30 5.949561930920055723e-30 2.974335063455139413e-30 4.710857777223696785e-28 4.340215110991127402e-28 3.917639507346263426e-28 3.313642126533530774e-28 2.770639031523540428e-28 2.160149143357243648e-28 1.380934684149398446e-28 6.960656442632745631e-29 6.241566865566483308e-27 5.348256458978754319e-27 4.495752564061044686e-27 3.565013180210921914e-27 2.840323774730622815e-27 2.179330851669126569e-27 1.570451201212911067e-27 7.417804122911527177e-28 1.183441292932148888e-27 5.623754006393367249e-28
1.187141103776933348e-22 5.805940859405672952e-24 1.639971769528848744e-24 5.474964885020386105e-30 3.976888296838411991e-30 3.241469012987676929e-30 2.354552887176222615e-30 1.178432614581181156e-30 2.828876599110499492e-28 2.624633103730102039e-28 2.382621171492482610e-28 2.025836372131602001e-28 1.700882801856568803e-28 1.332583535055559372e-28 8.584331784395863752e-29 4.347411417592432549e-29 5.040132737408873960e-27 4.343708079879998276e-27 3.675048090759562897e-27 2.957302137877519148e-27 2.380036473374525373e-27 1.841480764579882704e-27 1.342856520778380190e-27 6.368464208918622770e-28 1.080844359343620306e-27 5.137482243618135125e-28
1.109217695560107748e-22 4.506983022218721821e-24 1.321512380927047086e-24 2.126958543276188111e-30 1.549661301337295168e-30 1.266177642567710057e-30 9.211342609556745156e-31 4.614321037584979307e-31 1.749203087396410347e-28 1.626727680837067095e-28 1.479403835809677865e-28 1.260480045980710107e-28 1.060726504360401686e-28 8.334164880469192976e-29 5.393420603681651518e-29 2.739513652140138033e-29 4.023210395954413768e-27 3.485945579260916526e-27 2.967887033331080637e-27 2.422656571691557442e-27 1.969620987057627989e-27 1.537127949676442751e-27 1.134829848806010515e-27 5.404384252561980626e-28 9.854046834536567342e-28 4.685384384653219364e-28
1.035406130698705642e-22 3.401054271299998999e-24 1.029276091766150307e-24 8.091250510993936679e-31 5.903556982444836992e-31 4.833589930205008471e-31 3.520836247191292699e-31 1.765284013576355678e-31 1.098675103992577018e-28 1.022557777443668014e-28 9.308231842459005606e-29 7.940311559216870253e-29 6.690741276930683931e-29 5.265622272295495243e-29 3.416941546201689253e-29 1.738722367340983561e-29 3.173823405047748748e-27 2.763812743952115936e-27 2.367369158785356709e-27 1.959157423050568399e-27 1.608862224821918907e-27 1.266676140009873061e-27 9.470126619064668068e-28 4.529059313301380393e-28 8.960808132727597108e-28 4.262300713405473375e-28
9.657230752918555730e-23 2.499624259834406538e-24 7.760857510502655416e-25 2.990933081580034874e-31 2.178990247479246531e-31 1.787587046641257994e-31 1.303523734404095801e-31 7.911569027811062740e-32 6.961678553978617915e-29 6.482705507679121748e-29 5.904798728174042121e-29 5.041141956866888683e-29 4.251515736023575967e-29 3.349488593684581716e-29 2.177175490206380694e-29 1.109043918995524770e-29 2.473447778484848969e-27 2.164156144839635626e-27 1.864620673427429612e-27 1.563275027199011634e-27 1.296410085911599536e-27 1.029801905710489849e-27 7.797133461196018125e-28 3.744761578373128805e-28 8.122362597293796785e-28 3.865343680279113568e-28
9.000585594754606038e-23 1.794882253184349614e-24 5.683717825824977002e-25 1.070246361598295682e-31 7.744448387760875172e-32 6.363330617083748452e-32 5.579328183069370057e-32 4.746952503954988293e-32 4.434957762955723417e-29 4.131254991547960491e-29 3.764488980278809382e-29 3.215556767189018181e-29 2.713398108056755291e-29 2.139109868742948264e-29 1.391903996497376589e-29 7.095216631372524028e-30 1.903916843662440274e-27 1.673427452069809379e-27 1.450030860355894555e-27 1.230583484745648540e-27 1.030226730429050564e-27 8.257061253668420673e-28 6.330545603315933909e-28 3.053109028635873466e-28 7.332139601759287230e-28 3.491300802911890433e-28
8.393236241695639063e-23 1.263675224854144933e-24 4.060065415876032258e-25 3.708381155609376477e-32 2.637652882992116802e-32 2.544647013599906681e-32 3.295339433755075134e-32 3.023978209523966196e-32 2.834727478865499210e-29 2.641227350899966601e-29 2.407418950589608523e-29 2.057114474590268464e-29 1.736533995530621231e-29 1.369619340955655574e-29 8.918611269322281202e-30 4.548379028196408450e-30 1.446858753338019071e-27 1.277305224974057761e-27 1.112913357086203071e-27 9.551916506179088808e-28 8.069324267320048047e-28 6.525207785946080821e-28 5.064039173043031852e-28 2.452259567665943892e-28 6.583297374655981667e-28 3.136896458931394502e-28
7.842702738257760294e-23 8.760870652854195705e-25 2.844043926095705215e-25 1.386742213513428829e-32 1.182649225736738412e-32 1.502758850825737878e-32 2.105004084095746248e-32 1.934162569354430057e-32 1.815572550813209946e-29 1.691940841719354796e-29 1.542489254538615340e-29 1.318398140891200968e-29 1.113242194324237921e-29 8.782991314702829098e-30 5.722021531639099235e-30 2.919085608719181009e-30 1.085417844328979996e-27 9.623512567804909347e-28 8.430036110151823087e-28 7.310404271808643366e-28 6.228593958522526495e-28 5.081195004326938382e-28 3.989724074524320749e-28 1.939657183469603400e-28 5.869736920543915976e-28 2.799152058750240743e-28
7.348290770458543211e-23 6.011385986127790711e-25 1.966200074099067818e-25 8.744795662395273524e-33 7.558228340024116022e-33 9.614765330312954069e-33 1.347401494982390166e-32 1.238334936572343611e-32 1.164041037926753731e-29 1.084926208584983035e-29 9.892417349151942594e-30 8.456778795757708920e-30 7.142128849534778275e-30 5.635977536653546726e-30 3.673019677686455467e-30 1.874188858459541553e-30 8.036384780198810478e-28 7.155537268028344670e-28 6.301004845376241988e-28 5.515760300043444761e-28 4.737237897706150543e-28 3.898143651932675419e-28 3.094978814914966620e-28 1.510405367795169002e-28 5.185791857148347785e-28 2.475259199776504715e-28
6.896277439334360486e-23 4.115413981542842706e-25 1.353796418073075865e-25 5.552209816454578196e-33 4.806576003686936667e-33 6.119466551112614088e-33 8.579905930272685757e-33 7.886749354075450566e-33 7.421154301981851649e-30 6.917083856061951371e-30 6.307457307474223745e-30 5.392578362417925018e-30 4.554708712963219406e-30 3.594862731687566907e-30 2.343376992852199586e-30 1.195890750413203582e-30 5.867148056821745651e-28 5.246459057205834787e-28 4.643968600451794768e-28 4.100913595976243320e-28 3.548961094029404959e-28 2.945463399860176680e-28 2.363534734380626583e-28 1.157733709343162986e-28 4.526337734937004523e-28 2.162648355793490051e-28
6.465507816187095532e-23 2.970137011500147948e-25 9.832213343682365464e-26 3.632083421728162592e-33 3.138288635622935763e-33 3.998955557380899421e-33 5.609301594242603461e-33 5.157110556498069162e-33 4.855398418623278117e-30 4.525854345815596109e-30 4.127234893976776349e-30 3.528860956078699856e-30 2.980883079328926066e-30 2.352913337697613583e-30 1.534064865527243396e-30 7.829723029048820779e-31 4.286207265585053802e-28 3.847408481877798101e-28 3.421063184184792223e-28 3.042476129777922579e-28 2.649641960477599761e-28 2.215569525508859972e-28 1.793698943068007419e-28 8.814209389076217745e-29 3.887213153490495064e-28 1.859134414871459950e-28
5.979645438603846188e-23 1.868853518821270552e-25 6.226253231247596749e-26 2.440365703321516613e-33 2.109491796671949953e-33 2.690160638472830868e-33 3.774938759941641275e-33 3.471561226380071622e-33 3.269959394514424519e-30 3.048114345019213077e-30 2.779785454673507359e-30 2.376900349286100448e-30 2.007915997029138557e-30 1.585022875483516942e-30 1.033512558442843744e-30 5.275305228180339141e-31 3.140534781900556360e-28 2.828002809948216523e-28 2.524010229830062012e-28 2.256909200284770760e-28 1.975210037742693590e-28 1.661713244463971679e-28 1.354659535521113006e-28 6.673907941283834806e-29 3.262209602561583695e-28 1.561660933840692617e-28
5.365290847500001487e-23 1.154712427952880163e-25 3.869157886033775188e-26 1.646663915865276314e-33 1.423587362369077892e-33 1.816781928359494583e-33 2.550209857604214655e-33 2.345391899437449262e-33 2.210583669782916079e-30 2.060679671165155981e-30 1.879345341429756950e-30 1.607027873602390309e-30 1.357605899429407135e-30 1.071715542186558725e-30 6.988671048119959838e-31 3.567375976074275940e-31 2.278322158213194771e-28 2.057286413572452236e-28 1.842035162981992586e-28 1.654489130766324035e-28 1.453930151988706024e-28 1.229529903315026118e-28 1.008115463326985662e-28 4.977373798987401680e-29 2.644174116756354772e-28 1.266757180730300155e-28
4.574824114177081717e-23 7.064517433344930556e-26 2.380996958175899496e-26 1.115841314283498030e-33 9.643988354930666499e-34 1.231398792088383611e-33 1.728872816003156444e-33 1.590628719540355749e-33 1.499646427935194577e-30 1.397945007141315040e-30 1.274913491166534655e-30 1.090214203531599062e-30 9.210366329449435453e-31 7.271085470022583765e-31 4.741679477790562628e-31 2.420448246522085211e-31 1.632403716571533952e-28 1.477067865118909091e-28 1.325634130966086107e-28 1.194545914503620181e-28 1.052845832085886856e-28 8.936529868958123659e-29 7.357203401758682235e-29 3.637744784829996085e-29 2.024823490525967212e-28 9.703773295632393258e-29
3.525009818514868543e-23 4.285592671093464208e-26 1.453627142214106087e-26 7.595191050783381960e-34 6.560497083369471019e-34 8.381208661249690476e-34 1.177111643094132793e-33 1.082967830033610859e-33 1.021249898695863362e-30 9.520204722894261935e-31 8.682593693459025533e-31 7.424819037595359541e-31 6.272651994733337319e-31 4.952085858614289885e-31 3.229657328773768650e-31 1.648688191128735702e-31 1.144414794790353311e-28 1.036080858404966810e-28 9.304196953629828553e-29 8.393453698886850276e-29 7.404167174219345679e-29 6.289516815183200490e-29 5.183510925581355954e-29 2.563169659421047046e-29 1.392437934743613235e-28 6.670602786112441407e-29
2.136763495076589452e-23 2.537811197733419718e-26 8.675454192746306237e-27 4.510847133141574114e-34 3.947851132508229985e-34 5.045038452083188330e-34 7.086229088058124505e-34 6.521313506253953878e-34 6.153907160272428160e-31 5.736994800319527743e-31 5.232487437639819488e-31 4.474699087846632835e-31 3.780561108604441540e-31 2.984788723488894444e-31 1.946635784625620353e-31 9.937486681199601186e-32 6.941620335554643541e-29 6.275103801965371871e-29 5.625474410820006675e-29 5.067717497231106511e-29 4.462798553189927502e-29 3.779031772392838439e-29 3.106088251381898404e-29 1.533160546430198580e-29 7.276095763277737989e-29 3.480531431386256426e-29
0.000000000000000000e+00 0.000000000000000000e+00 0.000000000000000000e+00 0.000000000000000000e+00 0.000000000000000000e+00 0.000000000000000000e+00 0.000000000000000000e+00 0.000000000000000000e+00 0.000000000000000000e+00 0.000000000000000000e+00 0.000000000000000000e+00 0.000000000000000000e+00 0.000000000000000000e+00 0.000000000000000000e+00 0.000000000000000000e+00 0.000000000000000000e+00 0.000000000000000000e+00 0.000000000000000000e+00 0.000000000000000000e+00 0.000000000000000000e+00 0.000000000000000000e+00 0.000000000000000000e+00 0.000000000000000000e+00 0.000000000000000000e+00 0.000000000000000000e+00 0.000000000000000000e+00
