9.279852502819303880e-25 3.875660738004923127e-25 1.890861920937072770e-25 7.775462211986405954e-26 3.784173468495518693e-26 1.958408392546054074e-26 8.909349770455133687e-27 3.628851555505213812e-27 4.264001655464352167e-27 1.798307810039461815e-27
1.144197124621818438e-24 4.707450764365843861e-25 2.287301610086246362e-25 9.404718960557396028e-26 4.570305636647931951e-26 2.355029392109515986e-26 1.060362659543452618e-26 4.293049451212567888e-27 4.942411277252615969e-27 2.083928050691450959e-27
1.410053712404286182e-24 5.714719123989730490e-25 2.764073712224146527e-25 1.136074667975176718e-25 5.514263697296067912e-26 2.830547596182185712e-26 1.262029025708300916e-26 5.079186500485334055e-27 5.708561752300153115e-27 2.406312000479457842e-27
1.736071562539046757e-24 6.931965382668439765e-25 3.336024558407395864e-25 1.370110912610896823e-25 6.643786552188324568e-26 3.398810144148772722e-26 1.501534098316533290e-26 6.008117672887744624e-27 6.565178996898259798e-27 2.766538893924041257e-27
2.134738854950584272e-24 8.399714848461086987e-25 4.020421287938150964e-25 1.649240105603704144e-25 7.990911229141915887e-26 4.075867527246482141e-26 1.785232288152897698e-26 7.102843376622687644e-27 7.512544039389299258e-27 3.164612315796789791e-27
2.620495368062722790e-24 1.016374436219479085e-24 4.836627317868150254e-25 1.980830449003336697e-25 9.591016009392373963e-26 4.879447287880388989e-26 2.120267654105789587e-26 8.390056104549711383e-27 8.549219106137267230e-27 3.599850277848870480e-27
3.209540018128157711e-24 1.227554313684450751e-24 5.806397329952679254e-25 2.373289746195091091e-25 1.148452874517267069e-25 5.830170889823455253e-26 2.515298517860684433e-26 9.902365825949344293e-27 9.673539518883321760e-27 4.071327995691705367e-27
3.920620977881425365e-24 1.479420085063586802e-24 6.954327119660437879e-25 2.835551603157790877e-25 1.371411494046580779e-25 6.949577045956804802e-26 2.979281472865922528e-26 1.167369065667706472e-26 1.088130392769992853e-26 4.577501485006152115e-27
4.773205255499354722e-24 1.777842213225238357e-24 8.304039690695680060e-25 3.376377936796033543e-25 1.632286848264603364e-25 8.260437674758043079e-26 3.521863848514654642e-26 1.374075427577515797e-26 1.216319115456082497e-26 5.113927253218301887e-27
5.789394752732326988e-24 2.129372873500958518e-24 9.882815865807072462e-25 4.005745932655803734e-25 1.935815505081686097e-25 9.786137070243290137e-26 4.153260156085995707e-26 1.614307678358041055e-26 1.350562509882042673e-26 5.675059579469038426e-27
6.989532200938084915e-24 2.540148963233287974e-24 1.171537941251270896e-24 4.732765141578433218e-25 2.286309651584307714e-25 1.154959952787408912e-25 4.883206267229260764e-26 1.891873088910147565e-26 1.488868827875171553e-26 6.252521846959627471e-27
8.394716677744300219e-24 3.015454991232291078e-24 1.382197003106392209e-24 5.564027112152648569e-25 2.686924268079499249e-25 1.356784236180140671e-25 5.719947976221387866e-26 2.210003373783308363e-26 1.628639640387764217e-26 6.835101529585638959e-27
1.001902661830098190e-23 3.558855157278985770e-24 1.621651799038353956e-24 6.504205575233710940e-25 3.139814874115261223e-25 1.585270014629592143e-25 6.669605141744486074e-26 2.571281848102326968e-26 1.766739073849595838e-26 7.409366771640889564e-27
1.187297196068156069e-23 4.171157952892479459e-24 1.890151863165053629e-24 7.555099172600505331e-25 3.646151709310552743e-25 1.841130629990889461e-25 7.735479749831262954e-26 2.977028730741101276e-26 1.899969905898859694e-26 7.961424970215226602e-27
1.395251209790474111e-23 4.847878725039267142e-24 2.185674406936483729e-24 8.708041449235464682e-25 4.201720784627276915e-25 2.122520394734552463e-25 8.912464375845522763e-26 3.425863510369115224e-26 2.024331905969523747e-26 8.474103237272490930e-27
1.623731021379125030e-23 5.578223823061094572e-24 2.503774700405810037e-24 9.948746597393340521e-25 4.800470290498300878e-25 2.426828422036402683e-25 1.019164872743981825e-25 3.914690404246102641e-26 2.136489484767926312e-26 8.932733755081608675e-27
1.868248853435698080e-23 6.341608474388975789e-24 2.835937220638783655e-24 1.124761375361352988e-24 5.429144225764869296e-25 2.747665585899200279e-25 1.154850311765618692e-25 4.434700179811432069e-26 2.232756625336581529e-26 9.320463508126340881e-27
2.120649540393323146e-23 7.103294990245004133e-24 3.168293326844869657e-24 1.255943460051868687e-24 6.068243168224617789e-25 3.076143536455942348e-25 1.295022359031682929e-25 4.973996279563499565e-26 2.309268435925081033e-26 9.620042491525682461e-27
2.368944184395362065e-23 7.812219801976892036e-24 3.480346566117673818e-24 1.381694062836553159e-24 6.688354931208454464e-25 3.398392675301251513e-25 1.434177547049645581e-25 5.512072101772044424e-26 2.362443656674771139e-26 9.814762983638025585e-27
2.595816932287703803e-23 8.394168907392794443e-24 3.742682991421586850e-24 1.492855980003841523e-24 7.250881806052466882e-25 3.696676595414418801e-25 1.565577445675173290e-25 6.024183642201816468e-26 2.388458746933880380e-26 9.886151516336071597e-27
2.791310254026696827e-23 8.816148146244372453e-24 3.938823014575737331e-24 1.582716027824176895e-24 7.722650477343959540e-25 3.953749787194317347e-25 1.681732959726985036e-25 6.481472785827739663e-26 2.384353708612480437e-26 9.818294227555938280e-27
2.948438101218842311e-23 9.065874136315818678e-24 4.060862792063794484e-24 1.646331930105140357e-24 8.075273211431799324e-25 4.153415729021307338e-25 1.775154395972434682e-25 6.853941490875766672e-26 2.346373507316434669e-26 9.590904650215432502e-27
3.053699116240824034e-23 9.102015000862115760e-24 4.090259516756979659e-24 1.676127629814645159e-24 8.272088095460420949e-25 4.276943907510929943e-25 1.837893737847797903e-25 7.110853442455453242e-26 2.271463152790910117e-26 9.186382717952409329e-27
3.095599506270334758e-23 8.890584166588106650e-24 4.011672926112836242e-24 1.665548120972357917e-24 8.280272328415381286e-25 4.307072512871879932e-25 1.862422280037029875e-25 7.223045858019976285e-26 2.178967603811271373e-26 8.698571683001986496e-27
3.066874205943165980e-23 8.417531432385680945e-24 3.817769032430916956e-24 1.610492009634928344e-24 8.078582264471889317e-25 4.232495208834486896e-25 1.843831223414502151e-25 7.171866693456372093e-26 2.093493937740975308e-26 8.263372017053432260e-27
2.965449899123160342e-23 7.687953461006423273e-24 3.508965463870409574e-24 1.509806406439992825e-24 7.658603635230363064e-25 4.047873495683479698e-25 1.779322059692795555e-25 6.945850982357065660e-26 2.006276183266909583e-26 7.859942361260048360e-27
2.796964143489051499e-23 6.732950044958276889e-24 3.097007304153169744e-24 1.366008119277775458e-24 7.028254008406501926e-25 3.756037116631776675e-25 1.669817355830735569e-25 6.548191049706537860e-26 1.905297128633499024e-26 7.434314369031701842e-27
2.574384438651792643e-23 5.610976716230448816e-24 2.604424314635299008e-24 1.185777714688307948e-24 6.214914370407727605e-25 3.369327776436235142e-25 1.519859022767682676e-25 5.994904813279222472e-26 1.786179917179967611e-26 6.961345257966476547e-27
2.316070156355533007e-23 4.407361303529436942e-24 2.065457240728810959e-24 9.799208884675259668e-25 5.263179818410303372e-25 2.907810501186593489e-25 1.337022055009499524e-25 5.314237188787709406e-26 1.649818039669922118e-26 6.437712140943724214e-27
2.044902095660376965e-23 3.238938786175224375e-24 1.528169637189523589e-24 7.643030801566116366e-25 4.239210656135229072e-25 2.401025753407566014e-25 1.132209296528228213e-25 4.545822700415214909e-26 1.501079661314014660e-26 5.876853973986378232e-27
1.789721058984627014e-23 2.240715943967489492e-24 1.049328773094003671e-24 5.589799132244910139e-25 3.227631774065691218e-25 1.886649166188336210e-25 9.190232636845926743e-26 3.738305981433872923e-26 1.346729929311588359e-26 5.301462971340321623e-27
1.571060228630480391e-23 1.499149487417594245e-24 6.733173539777149019e-25 3.833246349805063151e-25 2.317783689676779086e-25 1.406153903779193392e-25 7.124678272809867348e-26 2.944953295204982182e-26 1.193813957648851277e-26 4.735560854061957514e-27
1.393703252665572062e-23 1.010139953280736052e-24 4.104117842706494803e-25 2.483518646974052086e-25 1.574273564353307405e-25 9.942176584270404497e-26 5.267300275133040035e-26 2.218018558194421787e-26 1.048686746809049845e-26 4.201524206366925821e-27
1.252693144198822664e-23 7.135109938169086073e-25 2.416485872688708455e-25 1.539288519960562267e-25 1.019118193599656588e-25 6.694386110054643234e-26 3.715975257106596135e-26 1.596416144834188991e-26 9.162213146913185303e-27 3.715948031378574741e-27
1.140930406347402100e-23 5.422900299525233202e-25 1.388383552353050305e-25 9.222104199346013213e-26 6.340083452960958126e-26 4.315962178037409608e-26 2.507041661034500686e-26 1.099093454060359278e-26 7.992945665451952045e-27 3.287658498023550949e-27
1.052138386013225092e-23 4.462801886205916120e-25 7.805531124752942642e-26 5.366498963468774837e-26 3.809780062834486996e-26 2.675645937679781688e-26 1.621043290079603344e-26 7.247220955029059511e-27 6.986074838824045427e-27 2.916860492229421970e-27
9.794339431669555257e-24 3.923063174096434381e-25 4.290538650652545719e-26 3.035916232771632522e-26 2.215219683481820748e-26 1.598494380252482552e-26 1.005907295455348896e-26 4.580852807739828493e-27 6.127847332789840093e-27 2.595734801685037173e-27
9.178475659208443171e-24 3.604091759741159046e-25 2.301753432832098581e-26 1.668513119598430969e-26 1.246392215099530390e-26 9.208063409919732516e-27 5.993103414414196682e-27 2.776702333304710111e-27 5.384197700560436137e-27 2.309404610243762154e-27
8.636012578555615913e-24 3.434798083321591331e-25 1.189401715416585494e-26 8.805767241112409042e-27 6.715201703036644084e-27 5.067532001230985333e-27 3.401176480946454202e-27 1.602668315414312511e-27 4.706980152714356815e-27 2.041159426510048302e-27
7.920146692546920796e-24 3.323948780346567015e-25 5.203718928365927439e-27 3.962639198886408618e-27 3.112084611889421575e-27 2.423088109353839781e-27 1.701679501546716048e-27 8.229580021417996132e-28 4.058193463634766410e-27 1.780399116731002391e-27
7.035222429663056844e-24 3.198370377993906000e-25 2.078604871881058302e-27 1.632133680862675542e-27 1.326960509927066880e-27 1.074088246539164817e-27 7.967102942221878608e-28 3.981301546390380818e-28 3.437201991653289194e-27 1.529188255141175006e-27
6.130804250906683197e-24 3.062879601187776298e-25 8.658314551795882006e-28 7.029800071679460539e-28 5.935859154000693846e-28 5.008228422232393155e-28 3.924397328061728566e-28 2.024811428057470521e-28 2.866088485021951109e-27 1.294537245520402927e-27
5.215969960164816150e-24 2.885840033531077948e-25 3.910677409466755796e-28 3.302425771177642441e-28 2.907098938245468313e-28 2.555945503688418770e-28 2.105630893239983985e-28 1.115313976388686175e-28 2.356681041784264168e-27 1.081007827975994806e-27
4.315545422506547047e-24 2.650020095359627202e-25 1.943634202582531238e-28 1.709136733728199628e-28 1.563574765197863683e-28 1.421421677916167085e-28 1.214652518779346768e-28 6.545696994986458824e-29 1.914941192576945558e-27 8.915536889447048773e-28
3.465104546711938470e-24 2.352707350698436835e-25 1.048345617848363865e-28 9.551230199860625358e-29 9.003594329339617680e-29 8.377273294527297748e-29 7.323000894195075959e-29 3.985257045243854989e-29 1.540044834180481567e-27 7.270104920502560781e-28
2.699342269449163884e-24 2.008343616220226766e-25 6.038849634015993372e-29 5.653079374747474986e-29 5.437880775083240096e-29 5.131377451051306226e-29 4.539042932025214998e-29 2.481499441521416417e-29 1.227002581276833798e-27 5.865778441689154813e-28
2.043039102573039542e-24 1.643429870210480402e-25 3.637673788902461819e-29 3.469069587494432499e-29 3.378396262338408305e-29 3.212889547388397162e-29 2.857067803864737413e-29 1.564639327705187283e-29 9.686951552609726353e-28 4.683642976932133039e-28
1.505011746185535831e-24 1.289014113997028447e-25 2.253587388938320115e-29 2.174148688675327877e-29 2.131816736621350872e-29 2.035289705230376454e-29 1.813415344878425713e-29 9.939401452962386947e-30 7.578827522542777350e-28 3.701469821587543366e-28
1.082357868440780098e-24 9.717952898321652458e-26 1.419765670999110360e-29 1.378768589457799236e-29 1.356479489491211523e-29 1.297115773279897308e-29 1.156511685983680783e-29 6.342244281091318788e-30 5.877730268571687050e-28 2.896285788051590550e-28
7.625711193526607843e-25 7.078140736017865241e-26 9.029241295052259149e-30 8.798413182537096214e-30 8.668586242918948008e-30 8.293505006534197424e-30 7.397656773147396412e-30 4.058326959685724951e-30 4.519241943495718230e-28 2.244199743400169658e-28
5.286925619426595466e-25 5.015683193689356103e-26 5.773750818755267995e-30 5.633318135349509747e-30 5.552228826892500729e-30 5.313265996041767899e-30 4.740745276829851078e-30 2.601413286822742387e-30 3.446070642782933839e-28 1.722766865733310955e-28
3.627530705918399623e-25 3.488277871254579653e-26 3.700811614082368033e-30 3.611261826863931639e-30 3.559786584637542007e-30 3.407146818799403627e-30 3.040658247694740546e-30 1.668798828946809029e-30 2.606323781089579547e-28 1.310461203419434224e-28
2.484530123299990576e-25 2.406017793942016237e-26 2.359038741015345983e-30 2.302071665192884937e-30 2.269408137894122025e-30 2.172286944648822432e-30 1.938837669941804249e-30 1.064244707615430450e-30 1.953455943590388987e-28 9.871443368415979904e-29
1.795534926110510985e-25 1.746083437730784933e-26 1.543297593847748583e-30 1.506103302635650534e-30 1.484818971073501393e-30 1.421367988788303273e-30 1.268752079786843637e-30 6.964798137244001713e-31 1.467929247089780492e-28 7.446334471482484207e-29
1.132341951393354268e-25 1.099890577244649069e-26 1.039291179741652805e-30 1.014272334086853387e-30 9.999830368096854448e-31 9.573007784205650033e-31 8.545664570404117813e-31 4.691387880980177910e-31 1.105062300894085951e-28 5.621068262188773971e-29
7.017366847150303033e-26 6.756702420418237063e-27 7.025334392451163808e-31 6.856450102789885998e-31 6.760120227495070161e-31 6.471843599740527247e-31 5.777588510334292278e-31 3.171876829753882226e-31 8.215668508107230793e-29 4.187988193145461925e-29
4.311438789964780279e-26 4.072743424464099923e-27 4.765619793876425212e-31 4.651127906036264620e-31 4.585758988125529146e-31 4.390319858316551627e-31 3.919506487424810750e-31 2.151865954809370847e-31 5.980276114664839959e-29 3.053010667771533627e-29
2.631896551036329382e-26 2.399203694126842649e-27 3.245275292733470989e-31 3.167381148525414628e-31 3.122950400409334963e-31 2.989903490710125431e-31 2.669286170484156178e-31 1.465513141043815543e-31 4.172563262353237658e-29 2.131248643026062193e-29
1.574979404788804488e-26 1.376565593314559086e-27 1.955370497731048355e-31 1.908515118046952949e-31 1.881839027850380529e-31 1.801750289044927489e-31 1.608657757981130290e-31 8.832354809970293053e-32 2.443346418551021523e-29 1.247362724893882371e-29
0.000000000000000000e+00 0.000000000000000000e+00 0.000000000000000000e+00 0.000000000000000000e+00 0.000000000000000000e+00 0.000000000000000000e+00 0.000000000000000000e+00 0.000000000000000000e+00 0.000000000000000000e+00 0.000000000000000000e+00
