1.627145479213354072e-23 7.466996469050486143e-26 1.930832364362305901e-26 7.415968515288998527e-27 7.984715653276531244e-26 5.187052409952533872e-26 3.257986735480456927e-26 1.941520574864803056e-26 1.266454401585931558e-26 8.477542122162626216e-27 5.159351219275477453e-27 2.293909034954612766e-27 2.956398059003030934e-27 1.316076448572598564e-27
2.087738196482897951e-23 9.262399918429249875e-26 2.359092882212817448e-26 8.999966571260209484e-27 9.579198633723823435e-26 6.181696727842148007e-26 3.847833576813712181e-26 2.273312199589722210e-26 1.476018043249204334e-26 9.858393140261420087e-27 5.992231967366902115e-27 2.663403314615848407e-27 3.423403380704687739e-27 1.523738176359969963e-27
2.701725075509846021e-23 1.148067434779505598e-25 2.881936628924733932e-26 1.091776609405322621e-26 1.148685011322438053e-25 7.366700557716344731e-26 4.544228815748766524e-26 2.660031221583207270e-26 1.717135805817058903e-26 1.143527183661600276e-26 6.938624665576412331e-27 3.082809999468779441e-27 3.949580646723927342e-27 1.757651139381224082e-27
3.503303591004723336e-23 1.421377148905901127e-25 3.519183771887767732e-26 1.323562842574691783e-26 1.376160160866071290e-25 8.774717557304917493e-26 5.364823869876215367e-26 3.110231559822880604e-26 1.994032575115305390e-26 1.322834242617796558e-26 8.006732108227527162e-27 3.555237471813402167e-27 4.536275562256162558e-27 2.018441869927646533e-27
4.535053637108062989e-23 1.757042728983409556e-25 4.294254864530512869e-26 1.603197357265754307e-26 1.646610220004756106e-25 1.044318550884228894e-25 6.329017193346741839e-26 3.632676093498679631e-26 2.310528064947942478e-26 1.525170372336983270e-26 9.201025869277758776e-27 4.082110882942630960e-27 5.182741855657401482e-27 2.305709108578779314e-27
5.848673264435202118e-23 2.167715335289627456e-25 5.234135500467046813e-26 1.939511083156283867e-26 1.966895927846988116e-25 1.241329202282045022e-25 7.459145553064644094e-26 4.238052399199952696e-26 2.671900739930310720e-26 1.752825754500750585e-26 1.052874478822369496e-26 4.665809327330800419e-27 5.887119083896818863e-27 2.618628598480950146e-27
7.506451190000771227e-23 2.667567118663901923e-25 6.369116754919737228e-26 2.342487286274139100e-26 2.345088830696014606e-25 1.473503017057257830e-25 8.782700623551049095e-26 4.939908484788930767e-26 3.085123866969746859e-26 2.009006328891614627e-26 1.199892445418379355e-26 5.309061892517850600e-27 6.647535356414549529e-27 2.956363263887321028e-27
9.579069738097400657e-23 3.273191163651898628e-25 7.734615608096219187e-26 2.823677021727225406e-26 2.789506327096602467e-25 1.745936741589169783e-25 1.032775723141073472e-25 5.751624742215358162e-26 3.556721753309427159e-26 2.296622489305167037e-26 1.361682983849839918e-26 6.012580650737834306e-27 7.459817889676092966e-27 3.317007706311706856e-27
1.214819449176313424e-22 4.001800516747598154e-25 9.366842999448232319e-26 3.394548111113222030e-26 3.309057777814660570e-25 2.064131820261900214e-25 1.212494517506888142e-25 6.688596249428587586e-26 4.094774411265141129e-26 2.619696176096877092e-26 1.539233549683373512e-26 6.778461271543824200e-27 8.317037928704205591e-27 3.697394047014121898e-27
1.530662030811397089e-22 4.873160751384867201e-25 1.130547834963817221e-25 4.067798954270807419e-26 3.912717080854133578e-25 2.433788057370319231e-25 1.420662944887685176e-25 7.766777074007789807e-26 4.707495440456925074e-26 2.982358543430519794e-26 1.733491699551380686e-26 7.607154616577908480e-27 9.208014311127346325e-27 4.092760223696737056e-27
1.915843830305615915e-22 5.905363311220893639e-25 1.358911208828328598e-25 4.855552149504778018e-26 4.609274927136915040e-25 2.860247510544164857e-25 1.660365544821316424e-25 9.001942953850875488e-26 5.403279333221696754e-26 3.388824727990111103e-26 1.945548141129474553e-26 8.499419035531532356e-27 1.011941986942780914e-26 4.496816759116871775e-27
2.381453548897148517e-22 7.117980799422282801e-25 1.625320778794849088e-25 5.768463755782455806e-26 5.405370404603523586e-25 3.347971267978657495e-25 1.934188277969921614e-25 1.040746903555889373e-25 6.189205780165947842e-26 3.842769011374733749e-26 2.176497681644703825e-26 9.456504699620069071e-27 1.103392392438268980e-26 4.901986536959266167e-27
2.938918458723695104e-22 8.524402565118153007e-25 1.932284309972290760e-25 6.813601625883437319e-26 6.305460579302050169e-25 3.900074382193791056e-25 2.244115151990703406e-25 1.199321159128912081e-25 7.070725891683582852e-26 4.347158297511668561e-26 2.427496064217136463e-26 1.048177468412242211e-26 1.192750815369393864e-26 5.297800125602294622e-27
3.599225381899811603e-22 1.013523199110916285e-24 2.280899891706678964e-25 7.992082128760657403e-26 7.312131936031773059e-25 4.518113257054037754e-25 2.591054520683835130e-25 1.376489275545615559e-25 8.051260056499033907e-26 4.904035197590000133e-26 2.699521138515155103e-26 1.157875353912430516e-26 1.277995767355287473e-26 5.675013757413646154e-27
4.372286450067014624e-22 1.194963396315421862e-24 2.669337968825678672e-25 9.295536903000667960e-26 8.418176585671213977e-25 5.198510048204862440e-25 2.973636182893760814e-25 1.571813410100251294e-25 9.129889277683547329e-26 5.513557127690189171e-26 2.993023551387842571e-26 1.274978050568397725e-26 1.356451408320762407e-26 6.021958593358748146e-27
5.267261708662351358e-22 1.395257215055269428e-24 3.092010852352923191e-25 1.070101392330156220e-25 9.613538414874039355e-25 5.935721971904065557e-25 3.389090639381213682e-25 1.784066940306727434e-25 1.030113957376993670e-25 6.173665916928385273e-26 3.308015903050530545e-26 1.399706987943468555e-26 1.425478652911476651e-26 6.326744554853615745e-27
6.294740269037592529e-22 1.610835690729381872e-24 3.537835462302425393e-25 1.216555573912819052e-25 1.087341978968061663e-24 6.715219860153572218e-25 3.829865474155608720e-25 2.009842774081774357e-25 1.154870159537397685e-25 6.876724425006144123e-26 3.642257313595982784e-26 1.531477889068001251e-26 1.482524621949476100e-26 6.578364193807542544e-27
7.464165713452256814e-22 1.835032364542539544e-24 3.987623234423526734e-25 1.361863656322065983e-25 1.216397049953188494e-24 7.517967173833785807e-25 4.285937673664332144e-25 2.244209455798141490e-25 1.284607447795268688e-25 7.608326833766306472e-26 3.989784510088788290e-26 1.668217704004547242e-26 1.524774827508726876e-26 6.764113736129920905e-27
8.787355613249557762e-22 2.057903245112182797e-24 4.414231789354153885e-25 1.495406906201227901e-25 1.343189035299167703e-24 8.312374536269217274e-25 4.740162891163053011e-25 2.478747980217483339e-25 1.414906700556293796e-25 8.345266223032615729e-26 4.340892008921436180e-26 1.806306443617981523e-26 1.549286264143565955e-26 6.871186456160999426e-27
1.027921845481039976e-21 2.264959736505955793e-24 4.777900921171150306e-25 1.601658876025217920e-25 1.461012593803123879e-24 9.060158098166029921e-25 5.172033240140360829e-25 2.703466719315802849e-25 1.540371990756112918e-25 9.057205585308424522e-26 4.681190080867763664e-26 1.940161466671619833e-26 1.552637139058456696e-26 6.884462969384844349e-27
1.196618137933656882e-21 2.447627059822051494e-24 5.061164701779553701e-25 1.674484367302734315e-25 1.563164473336752225e-24 9.719725525255725151e-25 5.557928200082963837e-25 2.906200938959177759e-25 1.654206712383661221e-25 9.705460579610688166e-26 4.992304935927181471e-26 2.062607027304784193e-26 1.531606150427729861e-26 6.789886532652949290e-27
1.388231510866905720e-21 2.600081074558748822e-24 5.255378722567114216e-25 1.712572503140858974e-25 1.643127961114385619e-24 1.024855050861982705e-24 5.872986978463730166e-25 3.073931811013471379e-25 1.749064683464803605e-25 1.024771844043082486e-25 5.252896131306234305e-26 2.164864843885325119e-26 1.482002092188526452e-26 6.568939238764076785e-27
1.607917965387470580e-21 2.710671536745705021e-24 5.336467325527051535e-25 1.708150733287390997e-25 1.693498481242240557e-24 1.060073370720519599e-24 6.090979303218247370e-25 3.192854829502670910e-25 1.817118445454211298e-25 1.063854970803378307e-25 5.440298478528428543e-26 2.237784589245574309e-26 1.399347621428585418e-26 6.202075793155205712e-27
1.859748923384789267e-21 2.769510037130188615e-24 5.284138739776290158e-25 1.654999016910350909e-25 1.707455042353672396e-24 1.073329021197847519e-24 6.187416904761230620e-25 3.250656816133026510e-25 1.851741729469165795e-25 1.084220048783406840e-25 5.539181038873761709e-26 2.275929481303985255e-26 1.295753673131877874e-26 5.742828950020953199e-27
2.123140047835462701e-21 2.769886431920220839e-24 5.088975770991538569e-25 1.550934807378352908e-25 1.680467948127054297e-24 1.061757514402705204e-24 6.146271103823160193e-25 3.239171273108458763e-25 1.848496642425517280e-25 1.083460599503761663e-25 5.538420638821145830e-26 2.275180275120220881e-26 1.194390725532536002e-26 5.293640189541755779e-27
2.366640354658772380e-21 2.709402131433398650e-24 4.752314062692118761e-25 1.397570452364054629e-25 1.610221977250181020e-24 1.023653283640174379e-24 5.956533703435423917e-25 3.151963860083939439e-25 1.803245193067916588e-25 1.058831186983945055e-25 5.421820001529158122e-26 2.228436706440040745e-26 1.100587582841587784e-26 4.877555993564460792e-27
2.579080032304333272e-21 2.592375229570333699e-24 4.290323707738646092e-25 1.201817293052780129e-25 1.497718559113954707e-24 9.595038335211745556e-25 5.620410729108758802e-25 2.989951922061353570e-25 1.716330665117597778e-25 1.010263083145103248e-25 5.185936148999164179e-26 2.133504849495476100e-26 1.013969709097563091e-26 4.491478658379188279e-27
2.751373220379532397e-21 2.428978429618950155e-24 3.735333181427833210e-25 9.759173719290970134e-26 1.347717953406821590e-24 8.719865595770123603e-25 5.151359775368922823e-25 2.759765436102226415e-25 1.591357647139915871e-25 9.398564470093803087e-26 4.840959297514523594e-26 1.994229073338930057e-26 9.346953896479198451e-27 4.135425477333699974e-27
2.877481921925241099e-21 2.233553270605202351e-24 3.133142323224385816e-25 7.377516965144936480e-26 1.167945339582663023e-24 7.655215465331110875e-25 4.573441172791484517e-25 2.473340047208697919e-25 1.435048195328573227e-25 8.514610243974388446e-26 4.406274040936654489e-26 1.818461915644957562e-26 8.614296156578309115e-27 3.807368519703292211e-27
2.956322849554818675e-21 2.023442158886623109e-24 2.543955633077979666e-25 5.117561226840382950e-26 9.697450879878045861e-25 6.465109471604283645e-25 3.920281410051911581e-25 2.146625406138165956e-25 1.256152997021865672e-25 7.501105423826320939e-26 3.907359917600407445e-26 1.616726679946322151e-26 7.928531705822804926e-27 3.503577548565089375e-27
2.989307783445578779e-21 1.820240333363286269e-24 2.038455938297543592e-25 3.255358339197391745e-26 7.675340184439199324e-25 5.229572187363188658e-25 3.233007911149475545e-25 1.799401278458963176e-25 1.065083068119460507e-25 6.416149437204014541e-26 3.372688336786479467e-26 1.400548947628608492e-26 7.285023827456549632e-27 3.221160719828327307e-27
2.981187367082610019e-21 1.639319761955188826e-24 1.658697579226101284e-25 1.949408070976225167e-26 5.772479912261123367e-25 4.037238179318762196e-25 2.556515336779727443e-25 1.452406813475215915e-25 8.724834666884980676e-26 5.318520881565237000e-26 2.830979737518060989e-26 1.181440981693503500e-26 6.685194682590415963e-27 2.959248934441843311e-27
2.937303104790865219e-21 1.484809228811757638e-24 1.397692868549211493e-25 1.156432383128476540e-26 4.125370928229414788e-25 2.970983332149449158e-25 1.935015984846907514e-25 1.126839021341801739e-25 6.894266701321947392e-26 4.265647740986324819e-26 2.308493498925272171e-26 9.699014438885039741e-27 6.130987450145417880e-27 2.717258996296972421e-27
2.863816818334064445e-21 1.354725242054796867e-24 1.222581685420647699e-25 7.218563311678435117e-27 2.811770143054692665e-25 2.086833985375155882e-25 1.401743072151702476e-25 8.395053618878835166e-26 5.249406526012849744e-26 3.307469147988868974e-26 1.827601375131424252e-26 7.746830538367919540e-27 5.621747408140496469e-27 2.494073068212848298e-27
2.767687607253617214e-21 1.245937105397420070e-24 1.102367431940932438e-25 4.972752013334614429e-27 1.837831626915545724e-25 1.403660843323625209e-25 9.733566018698119624e-26 6.008462262091231113e-26 3.851537753093398746e-26 2.479370863130783081e-26 1.405399823141594657e-26 6.023815343952198641e-27 5.152507853774484980e-27 2.287712381230287122e-27
2.655522009245154082e-21 1.155835183754736638e-24 1.016978679017604293e-25 3.845604064024696790e-27 1.157797131468804190e-25 9.074517407241482903e-26 6.494127729977006625e-26 4.137551884100948402e-26 2.726459757778836058e-26 1.799264703146530382e-26 1.051681622241160902e-26 4.570206192133475935e-27 4.717565165419420383e-27 2.096189815862661522e-27
2.534288090923355140e-21 1.080385517309549576e-24 9.523410882748674621e-26 3.280662092071115945e-27 7.059031150045095184e-26 5.659770437943492135e-26 4.175853628749214223e-26 2.749119679742118682e-26 1.867287785883870996e-26 1.267770810482109032e-26 7.685174900842400287e-27 3.396143942730046856e-27 4.311915088098973314e-27 1.917958516787107718e-27
2.406642423890749578e-21 1.016043635195828876e-24 8.994715160164179873e-26 2.965255383203520824e-27 4.181500418817239020e-26 3.419941742137199579e-26 2.598420744664942448e-26 1.770234890838541906e-26 1.243069904193611062e-26 8.715511662991696042e-27 5.512594547072461366e-27 2.484869212304774520e-27 3.932138883122698962e-27 1.751559453796994234e-27
2.275201699743754699e-21 9.568242207291800932e-25 8.563738125982213089e-26 2.807900385152589782e-27 2.399040678088735602e-26 1.997857996609291563e-26 1.562883036646945563e-26 1.105173067042893353e-26 8.055774492935305526e-27 5.859499891519894391e-27 3.892335328086070032e-27 1.795025991926546816e-27 3.574395798922008690e-27 1.595349279720140891e-27
2.139757304787430036e-21 8.706227124164277718e-25 8.064841584173900574e-26 2.751424681204691929e-27 1.241766633458532603e-26 1.059617822862134468e-26 8.641862844832080736e-27 6.449732371672008139e-27 4.954448211878615767e-27 3.786220321819561461e-27 2.676180512719979497e-27 1.268472499478982619e-27 3.235143013153737853e-27 1.447817102771684282e-27
2.012325996822535989e-21 7.603034676573592972e-25 7.466443379750292108e-26 2.702789564469790025e-27 6.253754906570252672e-27 5.474577990623645806e-27 4.673502643365490434e-27 3.706306962123304547e-27 3.012135086522087055e-27 2.422596159608299490e-27 1.820364861151063329e-27 8.858871517826612395e-28 2.912191826685680588e-27 1.307905618268851135e-27
1.899358144467873357e-21 6.493878550816679413e-25 6.814182552344224289e-26 2.662286004119382228e-27 3.385535977754505720e-27 3.030046519395500032e-27 2.688373260174013981e-27 2.244241816210365068e-27 1.907171674876877654e-27 1.594430833893660189e-27 1.251404325439165349e-27 6.207496131127047322e-28 2.605184532376565329e-27 1.175176659819666537e-27
1.796584511531913906e-21 5.406774030534897067e-25 6.091731624889035326e-26 2.596923535845463108e-27 1.982245975398225991e-27 1.807139169546685842e-27 1.649805288410827891e-27 1.428854082975601242e-27 1.251109829045867751e-27 1.072251392045923801e-27 8.629074784192874541e-28 4.331324767678223972e-28 2.314186838169706570e-27 1.049459788454867236e-27
1.698591202934510346e-21 4.379626940442827803e-25 5.300553395605501116e-26 2.481021252899794721e-27 1.225572926835474381e-27 1.132928674228205216e-27 1.052976072037588532e-27 9.338939720124133875e-28 8.327233854866554178e-28 7.243800533174000520e-28 5.918791923791746470e-28 2.997832717645277433e-28 2.039088705557841796e-27 9.304181495142475731e-28
1.603371924303399453e-21 3.449565731781750220e-25 4.465439445659459980e-26 2.297089409088401316e-27 7.794500956774321574e-28 7.275183497382703887e-28 6.832961776350741674e-28 6.153809739296515778e-28 5.551702654047828115e-28 4.882714915599700601e-28 4.037475094030682547e-28 2.060743646659251953e-28 1.780845438981859542e-27 8.182064883287264176e-28
1.509633074369393858e-21 2.643188194094578467e-25 3.632356758015109709e-26 2.042240204589630148e-27 5.028025807860542919e-28 4.722790980680225869e-28 4.461755103765971000e-28 4.059081505265007935e-28 3.695120648997557031e-28 3.279098178071802775e-28 2.737489378138907373e-28 1.406446501564962275e-28 1.540306654072377768e-27 7.129936892674835111e-28
1.418108412589441774e-21 1.973426003642815707e-25 2.852273461268352405e-26 1.732750486283589459e-27 3.259684648975413395e-28 3.074040634605359473e-28 2.914282175291093357e-28 2.671543881712276357e-28 2.449616402532194738e-28 2.189760376099835589e-28 1.842274232858458924e-28 9.518567763904630111e-29 1.318312460743527343e-27 6.150926175012993224e-28
1.329209571688183229e-21 1.438042802402000863e-25 2.164998203987762053e-26 1.400361621302815072e-27 2.113660488881386520e-28 1.998339895103552835e-28 1.899291194124820525e-28 1.751343643004245159e-28 1.615054285345441434e-28 1.452256584654944724e-28 1.229451796280249775e-28 6.382677099358460363e-29 1.115574477326946515e-27 5.248080699447948866e-28
1.242973252271784130e-21 1.025685146156195940e-25 1.593604462956738680e-26 1.080367825982065365e-27 1.368169755065183067e-28 1.295810610681206928e-28 1.233965172991325862e-28 1.142842129551292115e-28 1.058533740708139205e-28 9.562354215030545347e-29 8.135367866139855330e-29 4.240212154629445729e-29 9.329626934169483176e-28 4.425952858745925347e-28
1.160558655262941434e-21 7.183507145862492414e-26 1.142466833389101021e-26 8.000517010436003482e-28 8.839372748215079591e-29 8.382549051661160345e-29 7.993744044289072569e-29 7.426750817958858872e-29 6.901213784134311522e-29 6.256011670336145932e-29 5.342579470403259782e-29 2.793376671436625267e-29 7.705763407215237383e-28 3.686127029896109021e-28
1.083975239885138274e-21 4.959898136508998576e-26 8.022040230117040227e-27 5.732625248498040634e-28 5.702279921290617820e-29 5.412302215051327595e-29 5.166293526635596785e-29 4.810199617844954168e-29 4.479965466150611307e-29 4.071273370914263658e-29 3.486488276323252762e-29 1.827302680178896669e-29 6.284357552226911662e-28 3.030541323946544050e-28
1.015306947429374756e-21 3.392424190632383818e-26 5.555115192793069431e-27 4.016709001429099744e-28 3.673394198637789823e-29 3.488569559392634035e-29 3.332114184011467203e-29 3.106829533472531264e-29 2.897933739469805107e-29 2.638115854112412077e-29 2.263570264545437713e-29 1.188376103790885336e-29 5.059743645374376558e-28 2.458799474045477774e-28
9.541409705329657214e-22 2.316020060054356887e-26 3.829333861172458334e-27 2.781845352864741452e-28 2.349739551915422502e-29 2.232371958880382031e-29 2.133173652424715767e-29 1.990867664341527694e-29 1.858893943099253338e-29 1.694127302621157149e-29 1.455472263713381695e-29 7.650193117745663572e-30 4.020983134438744655e-28 1.968171845405436773e-28
8.962718347633881729e-22 1.664036170096596281e-26 2.783442318559115672e-27 2.025969769127797716e-28 1.540730634100593091e-29 1.464124878563134629e-29 1.399435174693697463e-29 1.306859395926471673e-29 1.220996963834740837e-29 1.113553200329635786e-29 9.574485437058621917e-30 5.036078538865735012e-30 3.170742614398497581e-28 1.561301917336387302e-28
8.306273047833714140e-22 1.042365082458154337e-26 1.763850492194435955e-27 1.280855274905321061e-28 1.039146759294524385e-29 9.876346661358221685e-30 9.441667867513269221e-30 8.820606214409893672e-30 8.244536211218468866e-30 7.522566962746552840e-30 6.471376912561726199e-30 3.405416323064831201e-30 2.477262617038667495e-28 1.225432730501975669e-28
7.414239395818005107e-22 6.417708625615090232e-27 1.096631640309658583e-27 7.887925760982435043e-29 7.032045963817209429e-30 6.684229194912937615e-30 6.390918444002609727e-30 5.972288821139374941e-30 5.583934684039545208e-30 5.096637606983368183e-30 4.386069835369027635e-30 2.308829625766669246e-30 1.897442652495663164e-28 9.420273925976231839e-29
6.197116518053238398e-22 3.914735661429969344e-27 6.750562188763875920e-28 4.762980282339022487e-29 4.773740614934007294e-30 4.538044624284074552e-30 4.339339115197883028e-30 4.055951993910380493e-30 3.793010774467863399e-30 3.462749124490868008e-30 2.980713106135994459e-30 1.569409173612312863e-30 1.408813291011819760e-28 7.010969152629057922e-29
4.590335912756186895e-22 2.369094795378713581e-27 4.121794832564776801e-28 2.809139067483564807e-29 3.252891136476768155e-30 3.092473172681722933e-30 2.957261966911116009e-30 2.764564552612411467e-30 2.585780793611230095e-30 2.361094313687499478e-30 2.032830715754000021e-30 1.070504972417658453e-30 9.855453472851088862e-29 4.905774781584501465e-29
2.559783045284006211e-22 1.407259996215809294e-27 2.455113833567475918e-28 1.611790506086926758e-29 1.961592934678793361e-30 1.864985517975360682e-30 1.783586286880722549e-30 1.667657496351107578e-30 1.560087057517353566e-30 1.424800802743329323e-30 1.226983135748397400e-30 6.462633287386101741e-31 5.658969569971636371e-29 2.809560723688358675e-29
0.000000000000000000e+00 0.000000000000000000e+00 0.000000000000000000e+00 0.000000000000000000e+00 0.000000000000000000e+00 0.000000000000000000e+00 0.000000000000000000e+00 0.000000000000000000e+00 0.000000000000000000e+00 0.000000000000000000e+00 0.000000000000000000e+00 0.000000000000000000e+00 0.000000000000000000e+00 0.000000000000000000e+00
