4.494168945831839568e-24 1.184380824836122833e-25 6.610377802235642752e-26 3.764466332126225617e-26 1.231201268990552130e-26 4.890223097791458406e-27 4.593449687571076641e-26 3.209945603446222801e-26 2.220585131632396625e-26 1.455397530717757694e-26 9.881763259348950646e-27 6.624206785353147399e-27 4.399001220579815180e-27 1.963646531720729797e-27 2.569910013366320974e-27 1.164183979626954753e-27
5.635803145691547856e-24 1.456394230073234940e-25 8.036502411247448407e-26 4.563454822604629863e-26 1.491607748939552509e-26 5.931442530325665547e-27 5.392481988609015964e-26 3.747942394539970683e-26 2.584197359531818112e-26 1.690993117934772752e-26 1.147448315479071345e-26 7.689092426003912303e-27 5.104652467875872875e-27 2.278422283246110941e-27 2.974671597728855160e-27 1.347384950436444441e-27
7.102276442800666449e-24 1.789459455637054363e-25 9.764399890334742681e-26 5.527079572467678632e-26 1.804420154385948628e-26 7.181904523792618567e-27 6.327911355250825471e-26 4.370535000157100463e-26 3.000490051958382783e-26 1.959135414079290635e-26 1.328293904318971705e-26 8.896712314904839646e-27 5.903803328309709040e-27 2.634725393367407495e-27 3.430237499832870859e-27 1.553510565374988297e-27
8.962123603693698777e-24 2.196301291209872031e-25 1.185390726350185447e-25 6.686745559389769288e-26 2.179019293721306879e-26 8.678512966773142187e-27 7.421195164165151487e-26 5.090228478280890664e-26 3.475497255675718641e-26 2.262608250997888851e-26 1.532124332352688306e-26 1.025491314455336551e-26 6.800858753897226379e-27 3.034379125121159021e-27 3.937809003493021813e-27 1.783080656952971126e-27
1.130314582307862598e-23 2.691911977372568198e-25 1.437499454235741996e-25 8.079067783611591744e-26 2.626318872571160078e-26 1.046402736771160955e-26 8.694961083588124409e-26 5.919165774500747375e-26 4.014047707106903101e-26 2.603097786752011087e-26 1.759643340340381235e-26 1.176711485950806515e-26 7.797495262138628224e-27 3.478041091213212781e-27 4.496258243388209369e-27 2.035531545041465742e-27
1.422889128810122861e-23 3.293494859754996177e-25 1.740734953597644354e-25 9.745356149951815063e-26 3.158565759053317673e-26 1.258581986941017991e-26 1.017624313166988777e-25 6.872973127491414828e-26 4.623539190631896332e-26 2.983333243489689557e-26 2.012022541973694411e-26 1.343831782593190694e-26 8.895411706968234950e-27 3.966161882394325481e-27 5.104021037512897569e-27 2.310169010404631540e-27
1.786067412124002987e-23 4.020078210287284913e-25 2.104019910985617801e-25 1.173171198218590122e-25 3.789385148014970103e-26 1.509739900819334525e-26 1.189890646767075361e-25 7.971824657578238142e-26 5.314012914725279171e-26 3.406927936115919080e-26 2.290670398116480183e-26 1.527352561686268767e-26 1.009638402215451998e-26 4.499350270957803561e-27 5.759380865404298192e-27 2.606169927701797776e-27
2.234465108718033411e-23 4.893755893647039123e-25 2.537665541960801610e-25 1.409117231367889856e-25 4.533953453778400046e-26 1.805595105592350540e-26 1.389688519288048322e-25 9.235225053075696806e-26 6.094828403066516782e-26 3.876945238055585946e-26 2.596218608377724900e-26 1.727205493881182867e-26 1.139710747180566961e-26 5.075762826764419354e-27 6.458439563700779364e-27 2.921751117271825763e-27
2.783655376836529620e-23 5.936637263578065930e-25 3.051855768253753379e-25 1.687463314828334782e-25 5.406633660930927097e-26 2.151688615950559206e-26 1.620829565093767712e-25 1.068646598609702428e-25 6.978160096730081493e-26 4.398242240570926077e-26 2.929980646934922092e-26 1.943570197091521348e-26 1.279516219945498374e-26 5.693985259296895701e-27 7.194868277285745453e-27 3.254019314516220771e-27
3.452204721358725619e-23 7.175074309125428543e-25 3.658081954834492695e-25 2.014077972471148835e-25 6.424343156618038843e-26 2.554409493752727931e-26 1.887318874519974077e-25 1.234931617859487570e-25 7.976410741514752599e-26 4.975805871102915556e-26 3.292785730510871751e-26 2.175936454603527647e-26 1.428062887049395469e-26 6.348868939577017592e-27 7.959694939269621158e-27 3.598909306616827946e-27
4.259799795557854213e-23 8.634135079020451010e-25 4.367138942821996019e-25 2.394340562210961717e-25 7.602429196300518313e-26 3.019583182557881234e-26 2.193037757321687961e-25 1.424794621391697533e-25 9.102537811734839965e-26 5.615411044723037858e-26 3.686031173990632712e-26 2.423708330955138563e-26 1.584208249008763301e-26 7.034134502775938557e-27 8.740271005684138661e-27 3.950828166862043313e-27
5.227841025627830855e-23 1.033874754354558509e-24 5.188278817459862629e-25 2.832710163301188570e-25 8.952463810751064693e-26 3.551349170236374482e-26 2.541252918573661497e-25 1.640237244000485591e-25 1.036751585675032021e-25 6.322179319661097603e-26 4.111162505269383762e-26 2.686033652681010162e-26 1.746275778885987488e-26 7.740702615576755583e-27 9.521700923072302310e-27 4.302894707704664053e-27
6.377158042696311424e-23 1.230554876415744081e-24 6.127970324275112049e-25 3.332206221226994441e-25 1.048276628178619702e-25 4.152619987502579300e-26 2.934441983918486506e-25 1.882790633014027992e-25 1.178032243796584442e-25 7.100659946735852890e-26 4.570105709490428094e-26 2.962779242107526311e-26 1.912655637951719279e-26 8.459155165454569601e-27 1.028451878929803915e-26 4.646431003084579173e-27
7.728050921110535182e-23 1.454404203157766932e-24 7.187964588764286712e-25 3.893309791025222549e-25 1.219475788982601686e-25 4.824324869722024505e-26 3.373827070822625952e-25 2.153318958461114826e-25 1.334670797655006161e-25 7.954283957452258518e-26 5.064664358228419085e-26 3.254591082791965105e-26 2.082055877442629385e-26 9.181073493223090721e-27 1.100997379870323798e-26 4.972909782054550830e-27
9.297637363750482834e-23 1.704642480239330264e-24 8.360907801326295193e-25 4.511682962395973084e-25 1.407461174840821230e-25 5.560557090595819565e-26 3.858119213111609808e-25 2.451333759939183448e-25 1.506667932758869720e-25 8.884012987329008391e-26 5.595567352019847533e-26 3.561701324944420813e-26 2.253352859263678872e-26 9.897164635333092666e-27 1.167600143583751301e-26 5.272451114553123438e-27
1.109689658149561448e-22 1.978303929336477339e-24 9.628162989454873767e-25 5.177028335456902333e-25 1.609448002998619905e-25 6.351219445065022727e-26 4.384077205455260205e-25 2.775061067184402471e-25 1.693287105410132325e-25 9.888136468810333984e-26 6.163137566413880901e-26 3.884787522330484386e-26 2.427031800200261952e-26 1.060599266286567573e-26 1.226007325536747911e-26 5.535016232211797513e-27
1.312427785764475293e-22 2.269237624820928242e-24 1.095420638446967563e-24 5.870008878261384600e-25 1.820155972139495623e-25 7.176456862756166751e-26 4.942739718767369959e-25 3.119543660910071514e-25 1.892117593645544532e-25 1.095647169307126122e-25 6.763234706630314675e-26 4.222156576534627657e-26 2.603025599710287420e-26 1.130760777597876941e-26 1.274012147782657342e-26 5.750460654077783634e-27
1.536321640152460881e-22 2.566767475968538301e-24 1.227827686235034751e-24 6.558496657566013068e-25 2.030999052921506324e-25 8.004706958411694402e-26 5.521765043120803931e-25 3.477201172744316116e-25 2.098962227160282129e-25 1.206764087737304744e-25 7.385344753958703419e-26 4.568680142062055472e-26 2.779889478702438395e-26 1.199941179074312521e-26 1.309264126250241970e-26 5.908438844743551409e-27
1.777269035402201316e-22 2.855175585374095196e-24 1.351270128077728511e-24 7.195236570073523370e-25 2.229391220194330189e-25 8.790129637865107551e-26 6.099945886718632579e-25 3.835444936705457787e-25 2.306929487774202817e-25 1.318750368553033953e-25 8.011681622003792643e-26 4.915056594688680306e-26 2.953983356013925471e-26 1.267041303004508296e-26 1.329286148176114720e-26 5.997647494415081539e-27
2.028408712391664272e-22 3.111745206849781412e-24 1.452964539380736878e-24 7.711242213869640233e-25 2.397426901793222835e-25 9.468482950472906212e-26 6.652066469614216474e-25 4.179132459742549843e-25 2.507349779986306530e-25 1.426888917362735812e-25 8.616053246035426603e-26 5.247023034002784150e-26 3.118809238560010045e-26 1.329763828304214237e-26 1.331252607302835556e-26 6.005604326610052834e-27
2.286101733144638657e-22 3.324426667887285151e-24 1.527280779815637208e-24 8.075235705758098150e-25 2.524533104371499978e-25 9.997459918658253315e-26 7.148055635054773715e-25 4.489582173604395368e-25 2.689217636760460496e-25 1.525216966327634997e-25 9.165183268153396246e-26 5.546262367760919235e-26 3.265286694235736262e-26 1.384691971876710234e-26 1.312453910524656432e-26 5.919990831732888708e-27
2.553572903672419904e-22 3.487364708804523252e-24 1.572120575857158522e-24 8.277338435626574342e-25 2.605016427279264816e-25 1.035043014611019392e-25 7.555916408693745359e-25 4.746701542058560861e-25 2.840641124407859182e-25 1.607113311322260743e-25 9.619905864113484560e-26 5.789878392213667466e-26 3.381026586516362001e-26 1.426855531622602230e-26 1.269382210382680021e-26 5.725181750813439973e-27
2.845851924754434266e-22 3.584760050534386455e-24 1.580328835939889558e-24 8.280322553503863379e-25 2.626728218152028357e-25 1.047909699033403387e-25 7.841883452103059178e-25 4.929250643788413131e-25 2.948912378450733498e-25 1.665484306608285292e-25 9.938913833942606312e-26 5.954171916031457640e-26 3.453025314002926588e-26 1.450974282096627876e-26 1.198300223141914783e-26 5.404335627757720567e-27
3.194957638564420178e-22 3.604361451706883050e-24 1.546063324058334595e-24 8.054238382110533073e-25 2.579813820040276050e-25 1.034340718266603123e-25 7.975653936535191574e-25 5.018967738318059987e-25 3.003820303412544088e-25 1.695227215869694053e-25 1.009755686893432105e-25 6.029144384751080069e-26 3.479375049786290710e-26 1.457254728650903539e-26 1.109524260456597785e-26 5.003927852906657477e-27
3.580277949920120651e-22 3.538354911263801324e-24 1.466860053107900672e-24 7.587294276711123504e-25 2.458765728361039760e-25 9.918692570035236299e-26 7.937783785192379496e-25 5.004204002808314396e-25 2.998947821102656629e-25 1.693215380186155830e-25 1.008052476626340197e-25 6.009677482045268667e-26 3.460225424354487489e-26 1.446663894751431358e-26 1.022781278406443348e-26 4.612777098278714916e-27
3.932504030549815151e-22 3.385662991435085052e-24 1.343559797322449387e-24 6.884639546359079873e-25 2.263558789580018294e-25 9.201496902427496612e-26 7.713623818388681785e-25 4.875057723284203753e-25 2.927654570337851836e-25 1.655304728508917174e-25 9.860979407529544140e-26 5.878022495774068027e-26 3.383161141650476626e-26 1.413572736917260212e-26 9.424113927019517488e-27 4.250322204234622845e-27
4.234648972884673788e-22 3.154508621136081887e-24 1.181561784368818294e-24 5.975344970252644122e-25 2.000684155847552816e-25 8.212189179789627655e-26 7.305256336755458014e-25 4.632736835855692950e-25 2.790358147551246121e-25 1.581175118723766934e-25 9.432580968065970611e-26 5.627186761545990616e-26 3.241602874333180518e-26 1.354623752139810861e-26 8.678691592112624317e-27 3.914170874406539567e-27
4.470710640000401703e-22 2.861240104280942403e-24 9.909676661883316565e-25 4.911995342224020968e-25 1.683666976497396466e-25 6.998978171792136693e-26 6.728548073598540405e-25 4.286559745213969241e-25 2.592457967229176057e-25 1.473786580775434969e-25 8.811235346159635011e-26 5.265013425074117760e-26 3.038593558859318937e-26 1.270718722260810831e-26 7.989823352101461324e-27 3.603548776772094377e-27
4.629841430902406229e-22 2.529588787619693724e-24 7.865223060556349098e-25 3.773426574974435854e-25 1.333828759029423996e-25 5.637883383456814249e-26 6.012737342049927070e-25 3.854690301646323407e-25 2.344390888861452402e-25 1.338790961301791403e-25 8.029024250058967968e-26 4.809477158062182928e-26 2.783801883080003249e-26 1.165658035575122743e-26 7.353021396588902127e-27 3.316420455454169104e-27
4.710290523041745523e-22 2.189889902557734311e-24 5.883294455938728121e-25 2.669577367788811111e-25 9.816925304262873568e-26 4.241000123819301475e-26 5.198759819934115928e-25 3.361018362747989234e-25 2.060142504067294668e-25 1.183888052205392574e-25 7.131373971255653891e-26 4.286913881838388398e-26 2.491723531814265547e-26 1.045374663147141170e-26 6.764649611198119585e-27 3.051145831253709453e-27
4.715549820249692263e-22 1.878911481928754712e-24 4.197006202141835516e-25 1.727291810278021026e-25 6.645319123562657258e-26 2.949099019808602425e-26 4.336337230898353225e-25 2.834729392744248206e-25 1.756142526567635395e-25 1.017924253425933398e-25 6.169593991359266731e-26 3.727199064840388242e-26 2.179153525289548125e-26 9.167582031490677580e-27 6.221220735155747073e-27 2.806183138408204788e-27
4.653615523984116855e-22 1.621837429621592460e-24 2.954985876884602792e-25 1.031777741932994602e-25 4.138908693927146607e-26 1.891740702964104213e-26 3.478589572624359949e-25 2.306170200896914652e-25 1.448913574954325329e-25 8.498910687819099009e-26 5.195141619123828098e-26 3.160242394951173266e-26 1.862845133173829435e-26 7.867091919480004947e-27 5.719449175653565974e-27 2.580037990658908749e-27
4.535669314126268392e-22 1.422049731823600852e-24 2.145913491870177846e-25 5.821326111982299007e-26 2.401726354551671265e-26 1.128809730583613488e-26 2.679062561203857839e-25 1.806761366753521886e-25 1.155270049966970713e-25 6.881089935531288663e-26 4.255129379770295884e-26 2.613159117227180029e-26 1.557809279483597710e-26 6.613917300410947031e-27 5.256083273569529288e-27 2.371270275132019609e-27
4.373855572295878094e-22 1.269659310228480862e-24 1.659173305328890774e-25 3.191744476536964669e-26 1.324450984095239832e-26 6.372108637086469602e-27 1.979717781651966671e-25 1.361741913268276673e-25 8.893944711885060547e-26 5.398826077091168976e-26 3.388943744445343051e-26 2.108236313839176498e-26 1.276159252174396705e-26 5.457417926431731062e-27 4.828099513548219622e-27 2.178520239718208306e-27
4.180843868844316874e-22 1.152454196734943474e-24 1.375397220231316936e-25 1.749376173467294540e-26 7.063815943284131675e-27 3.459744915319409735e-27 1.405059132044192120e-25 9.876506929072110412e-26 6.611781034309654174e-26 4.106453500490008654e-26 2.626724189492593052e-26 1.661692007579666521e-26 1.026556983722613282e-26 4.432444675868535713e-27 4.432545102055741133e-27 2.000486239646446442e-27
3.969171582079587933e-22 1.060859511214043257e-24 1.209077580517337542e-25 9.852253216676839700e-27 3.679890939950074610e-27 1.825785766207929202e-27 9.597855607500202662e-26 6.903719228550964641e-26 4.752617252678427347e-26 3.032867561853997086e-26 1.985807717944330251e-26 1.283308805361960956e-26 8.135391077711203453e-27 3.556463746675133418e-27 4.066474776296493623e-27 1.835851048873174563e-27
3.749688852621071377e-22 9.868670216084913918e-25 1.106254124605199416e-25 5.874091442388141452e-27 1.880324803391635260e-27 9.414699518834869321e-28 6.331173991587520176e-26 4.664728287480694833e-26 3.312635620052886543e-26 2.181768936684155541e-26 1.469704759248111573e-26 9.752893851740138824e-27 6.381942502405258396e-27 2.832221541899127604e-27 3.727220304047309202e-27 1.683448580643052430e-27
3.514645585846178625e-22 9.252855266484835459e-25 1.035984462240878906e-25 3.795047304175510094e-27 9.437135978735348683e-28 4.756696733377833495e-28 4.052288116083278902e-26 3.061085126721583727e-26 2.249534708093407096e-26 1.536346018961332256e-26 1.070543173312029742e-26 7.333444754328374373e-27 4.980609441876701064e-27 2.248804966094204510e-27 3.412140529171065384e-27 1.542107217678795804e-27
3.240737712117957916e-22 8.702485293552594981e-25 9.875980327094982465e-26 2.714174585318391303e-27 4.594953131455911070e-28 2.329083502675638454e-28 2.518746509011805356e-26 1.953777961400998892e-26 1.491791552266391994e-26 1.062213080150261567e-26 7.699104103524967650e-27 5.469896807981516770e-27 3.871152774757837523e-27 1.780573574689931958e-27 3.118340988202489040e-27 1.410588655418035731e-27
2.862013403375824929e-22 7.919392839191640707e-25 9.391757042537192562e-26 2.117907823217215035e-27 1.850951743839659702e-28 9.435949565764899459e-29 1.463957772897378016e-26 1.177952214461214674e-26 9.475822112569771602e-27 7.123457464673365424e-27 5.419626464284586943e-27 4.016516275124739781e-27 2.971200324528378406e-27 1.392829899138252116e-27 2.843273817902798008e-27 1.287777863808639677e-27
2.456429607576274028e-22 6.910088503309221102e-25 8.822865372568279943e-26 1.838557702484008388e-27 6.770701136063161090e-29 3.465274223659223560e-29 8.421712025692218965e-27 7.042356858111451639e-27 5.978063364499987201e-27 4.747576202134642685e-27 3.787516812464246152e-27 2.922687880612744454e-27 2.247119529805052498e-27 1.070797862963435751e-27 2.584696510916644940e-27 1.172659528275435512e-27
2.143577007793513826e-22 5.904213334067590669e-25 8.197317942843408501e-26 1.716499269109684474e-27 2.557737454895510856e-29 1.312420497953438191e-29 5.142222205002065954e-27 4.433739383967443834e-27 3.916724157078502284e-27 3.239628966284546035e-27 2.675257158670837644e-27 2.128681897387473667e-27 1.680239069115763916e-27 8.102750236395319816e-28 2.341068473164201160e-27 1.064487181693176102e-27
1.921337569842780541e-22 4.921167878715462963e-25 7.474579884824663972e-26 1.639852902835420312e-27 9.926144863613606007e-30 5.101873054009509168e-30 3.319584411059144360e-27 2.924782402877497366e-27 2.646891122204254975e-27 2.245852472330142387e-27 1.894575685005570382e-27 1.540793487328223915e-27 1.237718004650585676e-27 6.027908786960385058e-28 2.111412502831194209e-27 9.627359711367276622e-28
1.760713364546126788e-22 3.993034380208619037e-25 6.640397721798580773e-26 1.561577722484075472e-27 3.915759481399994376e-30 2.015188548900706670e-30 2.208048537868649135e-27 1.973169128531704539e-27 1.808620984438348626e-27 1.559255352717714461e-27 1.335812577267276615e-27 1.106402330189453309e-27 9.012617578179054380e-28 4.427087136698288423e-28 1.894298044096235031e-27 8.666986193601720042e-28
1.634399457167455675e-22 3.152286652635700361e-25 5.711346290125242060e-26 1.457927521925030423e-27 1.549083833310603778e-30 7.979699854502395328e-31 1.483957543728674182e-27 1.338720224616013662e-27 1.237068030557867418e-27 1.080313173617222943e-27 9.374569748561273004e-28 7.888856094487606745e-28 6.498432352520246100e-28 3.215854224283341517e-28 1.689182415748426450e-27 7.760101273202793834e-28
1.526414475370472881e-22 2.422612441604835344e-25 4.737389715599128643e-26 1.317829251027371399e-27 6.058749256059669176e-31 3.134995181873292740e-31 9.989528598968489275e-28 9.078264175843870513e-28 8.443455738988662068e-28 7.454123781808190741e-28 6.539070356151364783e-28 5.579634187554261880e-28 4.638723168827053926e-28 2.310670832787975455e-28 1.495388956700192329e-27 6.902693425267540296e-28
1.430775604831774424e-22 1.814700435845128323e-25 3.784309094811800935e-26 1.142316869643334698e-27 2.391933659081440066e-31 1.343565356041382075e-31 6.704318481901936193e-28 6.131561077371650072e-28 5.733415588448056354e-28 5.108580328091752275e-28 4.523116228248289313e-28 3.906446667550799707e-28 3.272926684878221591e-28 1.639967142997519642e-28 1.312749512526012976e-27 6.092453714440718802e-28
1.344804314902654640e-22 1.326660480139847828e-25 2.913194660739499881e-26 9.438978950475060234e-28 1.080881315422659153e-31 6.726681358212511882e-32 4.474723516015513023e-28 4.114877799670425642e-28 3.864956432655840915e-28 3.470947087604901173e-28 3.097600869999813416e-28 2.703614755739392016e-28 2.280171064495665849e-28 1.148591361773849762e-28 1.141515656422156004e-27 5.329524877167784533e-28
1.266629569507973947e-22 9.489222439885618417e-26 2.167468536348226108e-26 7.424895694487079737e-28 5.691946357983736654e-32 3.823642846448960237e-32 2.966532755957793939e-28 2.740594457466440901e-28 2.583746502926697594e-28 2.335742563768528510e-28 2.098532258543719191e-28 1.848254256108244851e-28 1.567619995248687230e-28 7.934151245151785700e-29 9.823149798742385927e-28 4.615932402668523573e-28
1.196236559377085738e-22 6.661097640321767701e-26 1.565608445025679376e-26 5.577887121538376137e-28 3.345222003736759877e-32 2.340576663056874805e-32 1.953461838710022866e-28 1.811527180930021842e-28 1.713057969051430296e-28 1.557062073289212146e-28 1.406741294360886564e-28 1.248405349747681209e-28 1.063948281853380890e-28 5.407518448910974395e-29 8.354728977975938016e-28 3.952720117028467079e-28
1.134098958721848336e-22 4.606409977911974216e-26 1.104489615648127108e-26 4.032364022432730292e-28 2.098024555919473084e-32 1.486277260360462064e-32 1.278476380777555523e-28 1.189135081816011806e-28 1.127223449839949790e-28 1.029032543604439577e-28 9.338851031334207011e-29 8.339131812389485859e-29 7.135422031844491861e-29 3.639615985564946166e-29 7.017247331371183992e-28 3.343252579333742084e-28
1.080490240272604248e-22 3.153398499742357075e-26 7.668147705788419249e-27 2.844580568087694256e-28 1.343115305748192211e-32 9.516837220691440657e-33 8.320611783077073559e-29 7.756434508935457026e-29 7.366087769073781171e-29 6.746630317787674981e-29 6.144147755249397160e-29 5.512960861145857230e-29 4.732449186730182174e-29 2.421124793221497414e-29 5.815933200382147663e-28 2.790383510576498357e-28
1.032748159067756033e-22 2.153677716758140880e-26 5.290654207132759530e-27 1.978156915235905345e-28 8.554585935751100736e-33 6.061651089239914389e-33 5.360503943907587467e-29 5.005268210179752212e-29 4.759923221455123550e-29 4.370505768973982876e-29 3.990915932934643458e-29 3.594460088916100054e-29 3.093711282289259117e-29 1.586699376673327069e-29 4.753160863365537425e-28 2.296062861679428167e-28
9.863209701249299568e-23 1.548087376259249766e-26 3.844816137822630782e-27 1.444805332689785789e-28 5.593467509824391855e-33 3.964052547694669769e-33 3.530271795144292406e-29 3.299645721521973426e-29 3.140595049107163589e-29 2.888179573369405800e-29 2.641881429974087567e-29 2.385255332097817139e-29 2.056555394604526989e-29 1.056523849608623328e-29 3.839358744192991133e-28 1.865659954619738338e-28
9.359621123262237174e-23 9.689721393233904147e-27 2.432182533177148570e-27 9.169325115602902325e-29 3.765077891809180189e-33 2.668470443662222763e-33 2.387725246163014688e-29 2.233148461745097835e-29 2.126643348623961421e-29 1.957644083488096203e-29 1.792632376831176309e-29 1.620970226098829139e-29 1.399154996349218062e-29 7.195691796404487214e-30 3.057600630890173913e-28 1.492871594869597047e-28
8.847967820647422295e-23 5.950007739757048284e-27 1.506505974309184296e-27 5.659963711349972946e-29 2.543648449103296697e-33 1.802984098759804058e-33 1.619133984026965633e-29 1.515000981826713010e-29 1.443294000051086255e-29 1.329520713839501739e-29 1.218377706762019706e-29 1.102887583954447770e-29 9.527039628211642074e-30 4.903287313950720945e-30 2.378128325221596484e-28 1.165540917615114891e-28
8.320289314694428635e-23 3.610351754419259825e-27 9.212310474436118656e-28 3.422664270582586683e-29 1.724990596901491242e-33 1.222762579510207927e-33 1.100724346724906367e-29 1.030255393399285893e-29 9.817533634290824359e-30 9.048077168884328816e-30 8.296198381138477804e-30 7.515575548117270439e-30 6.495744463371423698e-30 3.344924825463579217e-30 1.782916947052692298e-28 8.758894866580487293e-29
7.550493647916751530e-23 2.164587282965072686e-27 5.561994480302242365e-28 2.020458792393404656e-29 1.174394309940813290e-33 8.325462231185581801e-34 7.508745560203173814e-30 7.029714807712710157e-30 6.700106753793734236e-30 6.177211224377801761e-30 5.666111947117561907e-30 5.135787809476252317e-30 4.440637112498929410e-30 2.287529878967310097e-30 1.246789242306481008e-28 6.123619308951053775e-29
6.059324675408549510e-23 1.266214892125557619e-27 3.257086651647278036e-28 1.167197985182548713e-29 7.071672823099567336e-34 5.013528186431074379e-34 4.533142128688664590e-30 4.244985307185894316e-30 4.046785797609024671e-30 3.732326753212248354e-30 3.424871627360229098e-30 3.106048426974056317e-30 2.686702547457552861e-30 1.384533842096442783e-30 7.053586974475534677e-29 3.449974807971369972e-29
0.000000000000000000e+00 0.000000000000000000e+00 0.000000000000000000e+00 0.000000000000000000e+00 0.000000000000000000e+00 0.000000000000000000e+00 0.000000000000000000e+00 0.000000000000000000e+00 0.000000000000000000e+00 0.000000000000000000e+00 0.000000000000000000e+00 0.000000000000000000e+00 0.000000000000000000e+00 0.000000000000000000e+00 0.000000000000000000e+00 0.000000000000000000e+00
