-2.491023614550831056e+01 -2.486985929418072416e+01 -2.483306690512884529e+01 -2.479950517826135226e+01 -2.476896390085342858e+01 -2.474117122940602087e+01 -2.471593038828991595e+01 -2.469293204933870101e+01 -2.467168156910617682e+01 -2.464990711454189309e+01 -2.461855999718038035e+01 -2.453276197921243451e+01 -2.427281673612003843e+01 -2.379171992145468906e+01 -2.322794981218677179e+01 -2.268162358477720275e+01 -2.217978540018420119e+01 -2.172524194564799060e+01 -2.131513669267339139e+01 -2.094546354734504945e+01 -2.061230769679907837e+01 -2.031194520992271535e+01 -2.004104452057908148e+01 -1.979658631990354678e+01 -1.957591911728295386e+01 -1.937660596889691078e+01 -1.919649508727475151e+01 -1.903367050483612033e+01 -1.888639084892697184e+01 -1.875315687774867968e+01 -1.863256952838039027e+01 -1.852341470571826676e+01 -1.842456966469446655e+01 -1.833507610656191744e+01 -1.825403566014465895e+01 -1.818066668254271789e+01 -1.811426006844120806e+01 -1.805418195337162857e+01 -1.799986973119477440e+01 -1.795078197732981806e+01 -1.790647325630032327e+01 -1.786652496316190764e+01 -1.783059010185930049e+01 -1.779827522988362176e+01 -1.776932121885352345e+01 -1.774345061784780597e+01 -1.772040149009543342e+01 -1.769997003211769737e+01 -1.768195754508156625e+01 -1.766621026166880171e+01 -1.765259191628774715e+01 -1.764098077170732637e+01 -1.763128554093137268e+01 -1.762342304294348949e+01 -1.761738868710650863e+01 -1.761312665031582014e+01 -1.761065668874792323e+01 -1.761001927011798429e+01 -1.761125955547538879e+01 -1.761442947227453359e+01 -1.761964401758320520e+01 -1.762701439403303993e+01 -1.763663249705651381e+01 -1.764862892250193482e+01 -1.766314017908318945e+01 -1.768026950566977717e+01 -1.770014418529573419e+01 -1.772287232877013707e+01 -1.774848344770832043e+01 -1.777710152739057747e+01 -1.780868874240900723e+01 -1.784329944741798357e+01 -1.788087613518938213e+01 -1.792136196163032835e+01 -1.796469035984319973e+01 -1.801077272626946169e+01 -1.805946359375911570e+01 -1.811063105710206500e+01 -1.816413194294750610e+01 -1.821979793883429366e+01 -1.827748124657539464e+01 -1.833700620282394667e+01 -1.839821152758172929e+01 -1.846096155843070363e+01 -1.852508476396722870e+01 -1.859045571890359838e+01 -1.865692636554819828e+01 -1.872438923525542620e+01 -1.879274274128366073e+01 -1.886185525582051170e+01 -1.893166568688274509e+01 -1.900208090495795688e+01 -1.907301995865211808e+01 -1.914442633380158654e+01 -1.921623215896306291e+01 -1.928839520779369110e+01 -1.936087225062948036e+01 -1.943362143914119144e+01 -1.950659772073750631e+01 -1.957979662564670420e+01 -1.965315823035775011e+01 -1.972667457572487848e+01 -1.980035450691983456e+01 -1.987412853258231848e+01 -1.994799901989869895e+01 -2.002196107426891558e+01 -2.009599895087683308e+01 -2.017009827770901254e+01 -2.024423944738959946e+01 -2.031840604163137343e+01 -2.039259859669797592e+01 -2.046677464785788558e+01 -2.054092430081036369e+01 -2.061500180673760241e+01 -2.068898825101870997e+01 -2.076278311099199669e+01 -2.083633184621733037e+01 -2.090953031976884091e+01 -2.098217396196957552e+01 -2.105401470513215045e+01 -2.112474190105585947e+01
-1.988883834042241361e+01 -1.984387505317739553e+01 -1.980126045989558392e+01 -1.976107615400758277e+01 -1.972305591428701632e+01 -1.968666015611569264e+01 -1.965103348819793894e+01 -1.961848782526797663e+01 -1.958599654500286391e+01 -1.955307468875725263e+01 -1.951907367171531149e+01 -1.948391435697570984e+01 -1.944884288355912005e+01 -1.941444903685687251e+01 -1.938102152204196926e+01 -1.934495765866879680e+01 -1.930816732427495452e+01 -1.926912893714052544e+01 -1.922320441442836625e+01 -1.916749108729376516e+01 -1.910227946298889634e+01 -1.902429712927984795e+01 -1.893779419118028784e+01 -1.884466396253493770e+01 -1.874879994452781773e+01 -1.865396014343019360e+01 -1.856267760258815969e+01 -1.847690416174743078e+01 -1.839770121236995593e+01 -1.832543277314323404e+01 -1.825968469067002076e+01 -1.820014962623130828e+01 -1.814682520330524085e+01 -1.809917423641015688e+01 -1.805654011031903039e+01 -1.801444330200983401e+01 -1.797613049861166701e+01 -1.794108073928111580e+01 -1.790886084617424601e+01 -1.787279798240964723e+01 -1.783833258756226314e+01 -1.780010775647367893e+01 -1.776348793033717399e+01 -1.772577285395422919e+01 -1.768854283161897101e+01 -1.765122798615537647e+01 -1.761512710550707794e+01 -1.758103616929637880e+01 -1.754853595209439376e+01 -1.751901627470446954e+01 -1.751080114574932267e+01 -1.752709734819633525e+01 -1.754434825466864822e+01 -1.756242382398590962e+01 -1.758126794312670427e+01 -1.760077637847273024e+01 -1.762089399526430356e+01 -1.764153213612307880e+01 -1.766264058799864500e+01 -1.768417654224884572e+01 -1.770608525896889773e+01 -1.772832099402557660e+01 -1.775087505069682692e+01 -1.777368370306066581e+01 -1.779674947605670354e+01 -1.781998888094228306e+01 -1.784345084866821907e+01 -1.786706825078508487e+01 -1.789082657857452929e+01 -1.791474510889612404e+01 -1.793877377488088598e+01 -1.796289236733207417e+01 -1.798712061282871133e+01 -1.801142766670063367e+01 -1.803581110756402239e+01 -1.806026115971836532e+01 -1.808477433965990855e+01 -1.810933311828106795e+01 -1.813394907599072425e+01 -1.815859672683525261e+01 -1.818328819301229871e+01 -1.820801477613549579e+01 -1.823276990188928082e+01 -1.825754982564142992e+01 -1.828235445716797258e+01 -1.830717950918299053e+01 -1.833202434048344642e+01 -1.835688304443144148e+01 -1.838176357543619588e+01 -1.840664746442110200e+01 -1.843155185439412591e+01 -1.845646584546986091e+01 -1.848138078937092388e+01 -1.850630499901121340e+01 -1.853123925262953975e+01 -1.855618959887860342e+01 -1.858113548579227015e+01 -1.860609152685173484e+01 -1.863104405465449531e+01 -1.865600093094283807e+01 -1.868097726656958457e+01 -1.870595283865628389e+01 -1.873090754425956916e+01 -1.875589613662349109e+01 -1.878086099814019860e+01 -1.880584656383490127e+01 -1.883079596347637974e+01 -1.885579953981612178e+01 -1.888077711307641593e+01 -1.890573855727949848e+01 -1.893070198788447200e+01 -1.895569548082408673e+01 -1.898067596284630909e+01 -1.900563004877921713e+01 -1.903059806730712822e+01 -1.905556174660238611e+01 -1.908051919469555457e+01 -1.910546795168515999e+01 -1.913041042823648397e+01 -1.915534268222146608e+01 -1.918025870272698796e+01
-2.030947610707240969e+01 -2.029356387514366489e+01 -2.028174749990224868e+01 -2.027363145605638550e+01 -2.026888688246816628e+01 -2.026718019722798303e+01 -2.026042765554990766e+01 -2.025437877869306291e+01 -2.024947617755475804e+01 -2.024513204525297283e+01 -2.024034726146810925e+01 -2.023340127893573381e+01 -2.022153761671363625e+01 -2.020088010061182970e+01 -2.017103736270698988e+01 -2.012362048411341675e+01 -2.005680731974822351e+01 -1.997265039222524408e+01 -1.987608305650186935e+01 -1.977273048329015737e+01 -1.967174275026876273e+01 -1.957183279714451629e+01 -1.947496815717103757e+01 -1.938221360530360116e+01 -1.929374320687607991e+01 -1.920926458570220419e+01 -1.912928014630520579e+01 -1.905276239212933476e+01 -1.897955584463342404e+01 -1.890977722831342334e+01 -1.884363259986647776e+01 -1.878141198351058350e+01 -1.872333143815472312e+01 -1.866954564027800245e+01 -1.861466189219094503e+01 -1.856320148976819695e+01 -1.851547239377666543e+01 -1.847137892614759380e+01 -1.843082513885486051e+01 -1.839372614683001217e+01 -1.835220640496476108e+01 -1.831308679993590260e+01 -1.827709472820281178e+01 -1.824423944738959946e+01 -1.821452067950378506e+01 -1.818792262914348612e+01 -1.815870311250971980e+01 -1.813186714317611958e+01 -1.810797221698530279e+01 -1.808689112395412479e+01 -1.806847602394108065e+01 -1.805259078752247248e+01 -1.803908231468655998e+01 -1.802781568203637974e+01 -1.801608067426030857e+01 -1.800614510866395079e+01 -1.799805005891573373e+01 -1.799165537074730992e+01 -1.798686772395399558e+01 -1.798359349912888305e+01 -1.798084215226071692e+01 -1.797926591458848478e+01 -1.797893480279743272e+01 -1.797976305608919390e+01 -1.798163242161215436e+01 -1.798455641204889588e+01 -1.798779570396925820e+01 -1.799186843775933653e+01 -1.799675494518685426e+01 -1.800242141510867455e+01 -1.800884040304048384e+01 -1.801595900862857391e+01 -1.802373257689641761e+01 -1.803212455445196838e+01 -1.804110657935616047e+01 -1.805063439260686664e+01 -1.806069045741017476e+01 -1.807123556359771044e+01 -1.808224249422246288e+01 -1.809369728901234353e+01 -1.810556208606172390e+01 -1.811782280881949703e+01 -1.813045734285439536e+01 -1.814344631240691541e+01 -1.815677345285747535e+01 -1.817041322373483681e+01 -1.818435585086803385e+01 -1.819858256841483524e+01 -1.821308539326982157e+01 -1.822783971649274193e+01 -1.824284700114163371e+01 -1.825809239402572715e+01 -1.827355806864270349e+01 -1.828923971177757224e+01 -1.830512290379428819e+01 -1.832119946674558264e+01 -1.833745936986429115e+01 -1.835391009872557078e+01 -1.837051904381675627e+01 -1.838730089193540707e+01 -1.840423931385168643e+01 -1.842132641452050024e+01 -1.843855275026351137e+01 -1.845593195564972433e+01 -1.847344104585130609e+01 -1.849106647394996727e+01 -1.850883448345898685e+01 -1.852671745191232944e+01 -1.854471345098902546e+01 -1.856282041824748674e+01 -1.858101961875496499e+01 -1.859934115023502699e+01 -1.861776676502944383e+01 -1.863627523099362548e+01 -1.865488123493538808e+01 -1.867356172320427277e+01 -1.869235423118307793e+01 -1.871121438759749722e+01 -1.873013695944558776e+01 -1.874914104540070525e+01 -1.876822467602490718e+01
-2.352638166659990659e+01 -2.351149158697039709e+01 -2.349656343169663941e+01 -2.348159135639657791e+01 -2.346657114187347659e+01 -2.345150002591640259e+01 -2.343636468439171949e+01 -2.342110876611090120e+01 -2.340523188655249598e+01 -2.338574626927134403e+01 -2.334876076402607126e+01 -2.325003191649059886e+01 -2.302081596632558202e+01 -2.266182250070346527e+01 -2.225415260192466249e+01 -2.185776700820528617e+01 -2.149025998442961694e+01 -2.115919156939079215e+01 -2.086419971669788964e+01 -2.060280762098281215e+01 -2.037052923696760942e+01 -2.016511536415638872e+01 -1.998468216693088451e+01 -1.982596928196197439e+01 -1.968678682182198614e+01 -1.956602226636889341e+01 -1.946136343878154662e+01 -1.937110043557939321e+01 -1.929374320687607991e+01 -1.922786173339887839e+01 -1.917203010991399736e+01 -1.912450465912898068e+01 -1.908372507030964371e+01 -1.904798776026424534e+01 -1.901534219289547778e+01 -1.898384448804854685e+01 -1.895136401156735317e+01 -1.891592443222132758e+01 -1.887572406799366220e+01 -1.883014929813850102e+01 -1.877913386668787510e+01 -1.872259709592317378e+01 -1.866172283930322706e+01 -1.859834102750484774e+01 -1.853412661342839840e+01 -1.847042849719842295e+01 -1.840850131549418123e+01 -1.834974105838631075e+01 -1.829448694250246987e+01 -1.824291537782159978e+01 -1.819532910382279667e+01 -1.815185400658744186e+01 -1.811237707412450959e+01 -1.807673525181758833e+01 -1.804473568876461798e+01 -1.801617532665491339e+01 -1.799084666809229205e+01 -1.796847035419657601e+01 -1.794888608322239776e+01 -1.793185125902670762e+01 -1.791717873906067027e+01 -1.790465626812747502e+01 -1.789411529133076684e+01 -1.788545573279413503e+01 -1.787847298354462211e+01 -1.787305728205577182e+01 -1.786911968620634994e+01 -1.786652496316190764e+01 -1.786518562967954082e+01 -1.786505828926464190e+01 -1.786601425373142149e+01 -1.786799660701336734e+01 -1.787095494011204266e+01 -1.787481161583140121e+01 -1.787955769312669219e+01 -1.788505558428741438e+01 -1.789133351744602862e+01 -1.789832164897202915e+01 -1.790598331887957784e+01 -1.791428140483459686e+01 -1.792314118987140503e+01 -1.793259434156217580e+01 -1.794256213178706005e+01 -1.795303684587657500e+01 -1.796397026934345575e+01 -1.797535016882055459e+01 -1.798716277529482710e+01 -1.799934904637040489e+01 -1.801193179660736376e+01 -1.802486241649713961e+01 -1.803813297450067310e+01 -1.805172399551703322e+01 -1.806561771281491957e+01 -1.807979838248256854e+01 -1.809425267700914119e+01 -1.810897016619442823e+01 -1.812393234037903156e+01 -1.813912918647965355e+01 -1.815454846409713952e+01 -1.817018823898454727e+01 -1.818603225466270246e+01 -1.820206801921271023e+01 -1.821829487720303931e+01 -1.823469661466668157e+01 -1.825126944390150641e+01 -1.826800855098106879e+01 -1.828489959058421732e+01 -1.830195167729371164e+01 -1.831913893664647830e+01 -1.833646868040700539e+01 -1.835392972031646153e+01 -1.837151911144290040e+01 -1.838923340522672945e+01 -1.840705751601980467e+01 -1.842499700056647072e+01 -1.844304654560311718e+01 -1.846120013003499949e+01 -1.847945096775197271e+01 -1.849780511210176215e+01 -1.851622732951969041e+01 -1.853475102707286482e+01
-1.991442403028149499e+01 -1.990312473194031284e+01 -1.989469423720692376e+01 -1.988910739919778337e+01 -1.988619029732705457e+01 -1.988595643745192376e+01 -1.988819999310165443e+01 -1.989285789416692651e+01 -1.989976734803549263e+01 -1.990879043526587111e+01 -1.991973437266015523e+01 -1.993233411802575006e+01 -1.994596178931513109e+01 -1.995931856062664167e+01 -1.996980521464324809e+01 -1.997514505169498378e+01 -1.997220205664969939e+01 -1.995734574683220686e+01 -1.992745601435635194e+01 -1.988190068792200549e+01 -1.982298323290753217e+01 -1.975475885109554142e+01 -1.968241716021979926e+01 -1.960957716807652318e+01 -1.953956825948622367e+01 -1.947389344270962752e+01 -1.941413336669362266e+01 -1.936066294967831425e+01 -1.931359613151978749e+01 -1.927194667508022263e+01 -1.923576407214187611e+01 -1.920464840609252022e+01 -1.917796929452688914e+01 -1.915478409605003662e+01 -1.913477162047577451e+01 -1.911670773008682289e+01 -1.910009199112854006e+01 -1.908357237312539922e+01 -1.906522893779948902e+01 -1.904272322808290596e+01 -1.901462742309561804e+01 -1.897876934152029804e+01 -1.893367407463796326e+01 -1.887909718238547185e+01 -1.881710053245173953e+01 -1.874921417331296425e+01 -1.867761529125459674e+01 -1.860486589252218792e+01 -1.853316202533223134e+01 -1.846406061557210521e+01 -1.839853757450537586e+01 -1.833735547731117421e+01 -1.828092571898811514e+01 -1.822934677877966791e+01 -1.818253379575219242e+01 -1.814029742654969368e+01 -1.810240589435322534e+01 -1.806856755713276996e+01 -1.803848398855105017e+01 -1.801187823290701218e+01 -1.798847184614245975e+01 -1.796798596584049434e+01 -1.795020072208101425e+01 -1.793486862785978886e+01 -1.792183329183184526e+01 -1.791080163319485052e+01 -1.790173709762007093e+01 -1.789438764031321583e+01 -1.788863665567486905e+01 -1.788442276887147742e+01 -1.788156992287791169e+01 -1.788001869269584532e+01 -1.787968935736353870e+01 -1.788048018213180512e+01 -1.788229793879068552e+01 -1.788512225010716605e+01 -1.788883834042241361e+01 -1.789343516515323529e+01 -1.789887182416124389e+01 -1.790503999756333542e+01 -1.791193482230979583e+01 -1.791951782093195789e+01 -1.792771333049010707e+01 -1.793651652197247159e+01 -1.794592344270948914e+01 -1.795581314923263605e+01 -1.796621448315777059e+01 -1.797711818666796901e+01 -1.798842955640272123e+01 -1.800019547650236973e+01 -1.801235160764237619e+01 -1.802488541122263399e+01 -1.803777276864991563e+01 -1.805100543010399505e+01 -1.806455319701250772e+01 -1.807840715497602346e+01 -1.809255101633314666e+01 -1.810696544384766327e+01 -1.812164483090372258e+01 -1.813656411903701482e+01 -1.815172464869475277e+01 -1.816711443634030587e+01 -1.818271235039426159e+01 -1.819851396707804625e+01 -1.821450644547402575e+01 -1.823068915265683998e+01 -1.824704547591589687e+01 -1.826357959226303151e+01 -1.828026278771107371e+01 -1.829711300495314674e+01 -1.831410606113864858e+01 -1.833123214671760692e+01 -1.834849907953135073e+01 -1.836589571817110667e+01 -1.838341946991411291e+01 -1.840105636852815252e+01 -1.841880153912522644e+01 -1.843664945988799175e+01 -1.845459391031544527e+01 -1.847262791717238883e+01 -1.849074369840043630e+01
-1.995241364292564867e+01 -1.991674828277839637e+01 -1.988515558685497453e+01 -1.985757924578043898e+01 -1.983401417722554427e+01 -1.981431621968149415e+01 -1.979841171892648077e+01 -1.978608399035597643e+01 -1.977720551888629430e+01 -1.977142000579507908e+01 -1.976830108923560658e+01 -1.976718170737263947e+01 -1.976695309790181909e+01 -1.976598918241282021e+01 -1.976212965852326064e+01 -1.975271429713662030e+01 -1.973518217699046318e+01 -1.970758885116217485e+01 -1.966938333270556072e+01 -1.962156575793792257e+01 -1.956643816535203939e+01 -1.950697436738478530e+01 -1.944608058148856600e+01 -1.938626385873812907e+01 -1.932938311359967543e+01 -1.927674140608734632e+01 -1.922915534934366022e+01 -1.918703319501766202e+01 -1.914932926370373423e+01 -1.911721371202517261e+01 -1.909060445403289563e+01 -1.906930561233546584e+01 -1.905298803278371622e+01 -1.904071528004921632e+01 -1.903164315524708883e+01 -1.901743481290944260e+01 -1.900267478814760125e+01 -1.898522752592693763e+01 -1.896193647300214025e+01 -1.892896532494584960e+01 -1.888239730830991547e+01 -1.882156986005226074e+01 -1.874608073942508923e+01 -1.865737995744665056e+01 -1.855860339714563167e+01 -1.845414880974273686e+01 -1.834806328879815496e+01 -1.824451389754264952e+01 -1.814480805127389473e+01 -1.805071247942549206e+01 -1.796329127843011264e+01 -1.788299400336403266e+01 -1.781014488621038439e+01 -1.774465511851424182e+01 -1.768615386239897092e+01 -1.763426872859832173e+01 -1.758848130449934999e+01 -1.754835170129499389e+01 -1.751339952069379891e+01 -1.748314744918164720e+01 -1.745716212925113453e+01 -1.743503819553770740e+01 -1.741638187514136504e+01 -1.740085957320030730e+01 -1.738814928931773807e+01 -1.737796221818748776e+01 -1.737025410583271778e+01 -1.736458663067817199e+01 -1.736072273965802282e+01 -1.735846640117556916e+01 -1.735768389730738903e+01 -1.735821862084666378e+01 -1.735996600744407914e+01 -1.736280056425946583e+01 -1.736663255488299384e+01 -1.737138631685483858e+01 -1.737696791114796468e+01 -1.738331447910448802e+01 -1.739036291036769910e+01 -1.739807031656377134e+01 -1.740637062154299031e+01 -1.741522791913385149e+01 -1.742459275318367773e+01 -1.743443550925774588e+01 -1.744472412923068205e+01 -1.745541111471353801e+01 -1.746648213798303217e+01 -1.747790803998756815e+01 -1.748965609861008730e+01 -1.750171702133862794e+01 -1.751406573622824681e+01 -1.752667363910201459e+01 -1.753952313094854887e+01 -1.755262487568555230e+01 -1.756592634621495108e+01 -1.757941720666890006e+01 -1.759310231247543399e+01 -1.760696910248558567e+01 -1.762100285918914722e+01 -1.763516769546082585e+01 -1.764948063240246157e+01 -1.766394072213364907e+01 -1.767850513326041195e+01 -1.769318910438136783e+01 -1.770796556400526356e+01 -1.772284938603620219e+01 -1.773783378694879431e+01 -1.775288635822913719e+01 -1.776802097316849682e+01 -1.778322730157096032e+01 -1.779849363294676223e+01 -1.781383503827258608e+01 -1.782921040955360681e+01 -1.784463359335329713e+01 -1.786012091359876308e+01 -1.787562621351537118e+01 -1.789116447206539462e+01 -1.790675346889615938e+01 -1.792234145091586939e+01 -1.793798240114288944e+01 -1.795358288301601135e+01
-1.997584284554032763e+01 -1.991832871270907646e+01 -1.986802865471894464e+01 -1.982431427173791860e+01 -1.978669479383720642e+01 -1.975466009730467576e+01 -1.972778696347985772e+01 -1.970566606641654417e+01 -1.968788614154730610e+01 -1.967401253378555737e+01 -1.966356028018322277e+01 -1.965590259640558912e+01 -1.965025636625505001e+01 -1.964562261216675054e+01 -1.964077181645776449e+01 -1.963430614842273769e+01 -1.962481208463870175e+01 -1.961106441876475870e+01 -1.959228625683773828e+01 -1.956831465531398706e+01 -1.954001980296826346e+01 -1.950894662456913409e+01 -1.947426864314929418e+01 -1.943727900140105547e+01 -1.939924485036038249e+01 -1.936126122021063267e+01 -1.932417584908776220e+01 -1.928859773903406349e+01 -1.925607495360495491e+01 -1.923070392709065146e+01 -1.920885694920940523e+01 -1.919045375206908233e+01 -1.917532757261464127e+01 -1.916325192612998407e+01 -1.915449267524958898e+01 -1.915065430580865780e+01 -1.914868048735125328e+01 -1.914717856069234969e+01 -1.914401469744709416e+01 -1.913591036528013234e+01 -1.911797094274544051e+01 -1.908247348517638287e+01 -1.902529031780061430e+01 -1.894408677608385005e+01 -1.884124561336771109e+01 -1.872323957744222156e+01 -1.859782462496849575e+01 -1.847191928550868667e+01 -1.834961475774081663e+01 -1.823187269850191328e+01 -1.812359739255515478e+01 -1.802542383566716211e+01 -1.793734281977443601e+01 -1.785898944665767729e+01 -1.778944071818927597e+01 -1.772706822061292797e+01 -1.767257975777902956e+01 -1.762526997903818682e+01 -1.758444241798828855e+01 -1.754950455334056514e+01 -1.751967679875864548e+01 -1.749383333495303461e+01 -1.747227989896000722e+01 -1.745454443216308249e+01 -1.744024893527978648e+01 -1.742900198989029192e+01 -1.742050221746517735e+01 -1.741446031503597780e+01 -1.741051955606038248e+01 -1.740821217135440335e+01 -1.740766776857616804e+01 -1.740869047541550074e+01 -1.741114588866923896e+01 -1.741486652466699780e+01 -1.741971382699751203e+01 -1.742547102656313740e+01 -1.743216229679923757e+01 -1.743971069448365441e+01 -1.744803793413590398e+01 -1.745706259176737873e+01 -1.746672376242100455e+01 -1.747691718426596807e+01 -1.748764918893012421e+01 -1.749887224247702022e+01 -1.751054778970019044e+01 -1.752264718330102866e+01 -1.753513801923396542e+01 -1.754796809634318677e+01 -1.756112553109355545e+01 -1.757459621785138992e+01 -1.758832979761418969e+01 -1.760233802877785791e+01 -1.761657962675430156e+01 -1.763104405465449531e+01 -1.764571864615027152e+01 -1.766060819132041004e+01 -1.767567638129941443e+01 -1.769090238258798564e+01 -1.770628396517389191e+01 -1.772181821543248148e+01 -1.773750144898523118e+01 -1.775332911430929883e+01 -1.776929568638743007e+01 -1.778536805460686310e+01 -1.780153536462808361e+01 -1.781781368326045367e+01 -1.783419202099621259e+01 -1.785065770070873370e+01 -1.786716419566162628e+01 -1.788379087419659896e+01 -1.790045747130466580e+01 -1.791721462968354928e+01 -1.793400971076622241e+01 -1.795085953684103330e+01 -1.796774397410954549e+01 -1.798468216693088451e+01 -1.800168398025256522e+01 -1.801870249642545474e+01 -1.803574980083892498e+01 -1.805282614825726739e+01 -1.806991736660762982e+01
-2.032334296408199847e+01 -2.022417118553538629e+01 -2.013841182836491583e+01 -2.006463886711057398e+01 -2.000157063979331085e+01 -1.994803755021695224e+01 -1.990305524482305799e+01 -1.986569536504545397e+01 -1.983508233389904163e+01 -1.981053776054233850e+01 -1.979139742553746828e+01 -1.977704954097898948e+01 -1.976700388960784593e+01 -1.976077562151287381e+01 -1.975798063502444890e+01 -1.975822945735387393e+01 -1.976117637773892355e+01 -1.976654697795927973e+01 -1.977409655507383945e+01 -1.978357016912374888e+01 -1.979479563605185533e+01 -1.980754406148802360e+01 -1.982165626102377942e+01 -1.983704747065427298e+01 -1.985349987135434446e+01 -1.987098720687396636e+01 -1.988934296244196887e+01 -1.990850890573204879e+01 -1.992837570146024717e+01 -1.994726759259678062e+01 -1.996585302289395614e+01 -1.998472409331812472e+01 -2.000380365603015065e+01 -2.002288025508622482e+01 -2.004139311945292334e+01 -2.005781826391922351e+01 -2.006654308345672888e+01 -2.006082032866917331e+01 -2.002750094233626399e+01 -1.995144167510151689e+01 -1.982637674230191749e+01 -1.966154350639539672e+01 -1.947319565619208959e+01 -1.927972490017103979e+01 -1.909317490230776571e+01 -1.891818479936771880e+01 -1.875723502224790451e+01 -1.861152579236905069e+01 -1.848032948292216915e+01 -1.836268041916376959e+01 -1.825756554272604149e+01 -1.816412560551881583e+01 -1.808073880999882732e+01 -1.800697842100513668e+01 -1.794180181212174574e+01 -1.788415659588718398e+01 -1.783303733614283360e+01 -1.778773247145106140e+01 -1.774775394952688146e+01 -1.771262381844740119e+01 -1.768174878979879949e+01 -1.765470470442069839e+01 -1.763121122315888556e+01 -1.761170337434809596e+01 -1.759499533494962975e+01 -1.758001122656958515e+01 -1.756695058838338852e+01 -1.755590834029950287e+01 -1.754643705590149239e+01 -1.753866657851890309e+01 -1.753243628794403719e+01 -1.752760927237337185e+01 -1.752409647544860150e+01 -1.752179436398811774e+01 -1.752064066719302815e+01 -1.752053986438827948e+01 -1.752144793303394010e+01 -1.752329876632240513e+01 -1.752603155850376737e+01 -1.752960421118497081e+01 -1.753397807574246414e+01 -1.753908713001271380e+01 -1.754492662407887593e+01 -1.755143280025190577e+01 -1.755858767977661472e+01 -1.756635815384056443e+01 -1.757471038355320658e+01 -1.758360915894160570e+01 -1.759303424924105386e+01 -1.760296426462090480e+01 -1.761337620387492109e+01 -1.762422668339501541e+01 -1.763550528835544995e+01 -1.764718098330012808e+01 -1.765925852501002069e+01 -1.767170196186939890e+01 -1.768449146900981361e+01 -1.769762577392441827e+01 -1.771105806614712108e+01 -1.772480385821437565e+01 -1.773883232947222410e+01 -1.775310767984640137e+01 -1.776766472291434695e+01 -1.778248973570597258e+01 -1.779751168293990560e+01 -1.781278960034994796e+01 -1.782824430191176290e+01 -1.784393568766013516e+01 -1.785980632142137026e+01 -1.787588720780321339e+01 -1.789211197481720106e+01 -1.790850890573204879e+01 -1.792507390287604352e+01 -1.794180181212174574e+01 -1.795868628465413863e+01 -1.797567855785843349e+01 -1.799280717644295891e+01 -1.801008765590899330e+01 -1.802746855560630124e+01 -1.804495719633871786e+01 -1.806254730719824408e+01
-2.253805150479623975e+01 -2.251778407020778872e+01 -2.249757288001556788e+01 -2.247739929216955801e+01 -2.245727413619620805e+01 -2.243720768672639920e+01 -2.241718693282957275e+01 -2.239721317396912070e+01 -2.237727838762808830e+01 -2.235739700245817474e+01 -2.233755383921163684e+01 -2.231775561607668479e+01 -2.229800052511036412e+01 -2.227828828663216854e+01 -2.225861200752073188e+01 -2.223898227773118208e+01 -2.221939469416103208e+01 -2.219985365166189339e+01 -2.218035079370694262e+01 -2.216088663652252322e+01 -2.214146881763104702e+01 -2.212209331595110484e+01 -2.210275789719463546e+01 -2.208346709599455338e+01 -2.206422579062236977e+01 -2.204502945150316506e+01 -2.202587533795390584e+01 -2.200677545697491055e+01 -2.198771126016539412e+01 -2.196871275112300026e+01 -2.194965891816591608e+01 -2.193011000349306272e+01 -2.190784100360873410e+01 -2.187370620930673226e+01 -2.180128794253959867e+01 -2.164399327514379934e+01 -2.137816965232889643e+01 -2.104281428368435058e+01 -2.069267514635463456e+01 -2.035298888250971316e+01 -2.003855517464304015e+01 -1.975300930075844974e+01 -1.949565149121308139e+01 -1.926481643326941651e+01 -1.905855316974763980e+01 -1.887095494011204266e+01 -1.870324708234055322e+01 -1.855453591432139149e+01 -1.842310605362349918e+01 -1.830735574003001176e+01 -1.820578390821190240e+01 -1.811701466002870120e+01 -1.803975760819263741e+01 -1.796887442426843506e+01 -1.790647325630032327e+01 -1.785213825151276268e+01 -1.780504187779341052e+01 -1.776437056611794674e+01 -1.772941432011517549e+01 -1.769723629152701960e+01 -1.766903863038840683e+01 -1.764477842753958825e+01 -1.762397081827181822e+01 -1.760623181984125551e+01 -1.759116667822358338e+01 -1.757857706687394383e+01 -1.756808969054236869e+01 -1.755940573816016936e+01 -1.755226845836402561e+01 -1.754645233961925044e+01 -1.754170972560827124e+01 -1.753787164788509401e+01 -1.753470639631335715e+01 -1.753494448004817841e+01 -1.753619656550083050e+01 -1.753784167897352120e+01 -1.753973377092311381e+01 -1.754175508194486710e+01 -1.754378584464200941e+01 -1.754953533799285026e+01 -1.755608019889697502e+01 -1.756255069475019326e+01 -1.756889367181885575e+01 -1.757498776812455432e+01 -1.758077143629098060e+01 -1.759533729912627820e+01 -1.761227212513210105e+01 -1.762946840655692426e+01 -1.764693049733454799e+01 -1.766460228285440692e+01 -1.768250077889286942e+01 -1.770057987401797206e+01 -1.771885295797557092e+01 -1.773731165569830281e+01 -1.775589613662349109e+01 -1.777463901962734028e+01 -1.779352493818331382e+01 -1.781256389022629349e+01 -1.783167933448113374e+01 -1.785093491979237967e+01 -1.787031010780069806e+01 -1.788974708264659697e+01 -1.790931879554261030e+01 -1.792892845001635038e+01 -1.794865450066346213e+01 -1.796847035419657601e+01 -1.798834498927522318e+01 -1.800830000431306388e+01 -1.802831139651603465e+01 -1.804838567027348972e+01 -1.806851670297792367e+01 -1.808869853838757180e+01 -1.810893109713257587e+01 -1.812920411896524442e+01 -1.814951305575400298e+01 -1.816986061257465579e+01 -1.819023833489287512e+01 -1.821063084640851670e+01 -1.823104387786469971e+01 -1.825146312649933122e+01 -1.827188169376723437e+01
-2.243025165821872591e+01 -2.240988296521521050e+01 -2.238941435461092411e+01 -2.236810998936137906e+01 -2.234278155630024187e+01 -2.230251782843881259e+01 -2.222058390105293313e+01 -2.205954328447577595e+01 -2.181003270164872632e+01 -2.150914294121535519e+01 -2.120074218118423559e+01 -2.090931879554261030e+01 -2.064399327514379934e+01 -2.040653670609199821e+01 -2.019594920823683282e+01 -2.001018545696579665e+01 -1.984697825637386259e+01 -1.970405923773279966e+01 -1.957936774166588023e+01 -1.947096767457302491e+01 -1.937713347098200600e+01 -1.929632179911964585e+01 -1.922714309114340736e+01 -1.916834134798315503e+01 -1.911882083995191550e+01 -1.907759116831106283e+01 -1.904377392364061805e+01 -1.901658572557903071e+01 -1.899533476675212285e+01 -1.897939014662229695e+01 -1.896822809248599739e+01 -1.896134010569750572e+01 -1.895825212827673312e+01 -1.895852835938625347e+01 -1.896617430604668897e+01 -1.897682987887860406e+01 -1.898893730527026591e+01 -1.900041277585739863e+01 -1.900778238396377873e+01 -1.900567404712607100e+01 -1.898674133471648418e+01 -1.894199176728459832e+01 -1.886873430321996992e+01 -1.876975550059862385e+01 -1.865235779526757298e+01 -1.852574001720331864e+01 -1.839760356080527615e+01 -1.827445587751364542e+01 -1.815938585235116776e+01 -1.805342002009646052e+01 -1.795707026665683870e+01 -1.787082589703223334e+01 -1.779430854642049553e+01 -1.772669772143234468e+01 -1.766697614224191071e+01 -1.761455460600415890e+01 -1.756882929851674291e+01 -1.752886971215672318e+01 -1.749433460295217202e+01 -1.746450334084575573e+01 -1.743901794441376296e+01 -1.741737991476288627e+01 -1.739948449717480727e+01 -1.738503954180255562e+01 -1.737334147191455358e+01 -1.736395364343243131e+01 -1.735682378070255183e+01 -1.735173759425195428e+01 -1.734847970176577903e+01 -1.734686470099628863e+01 -1.734667168980165286e+01 -1.734776333158728434e+01 -1.735005210885778482e+01 -1.735343944630139745e+01 -1.735784226528577179e+01 -1.736317122101065280e+01 -1.736934842431675818e+01 -1.737628564318403335e+01 -1.738391326699051120e+01 -1.739213768165164353e+01 -1.740094702678133132e+01 -1.741031842654655293e+01 -1.742019354638037498e+01 -1.743055585975947608e+01 -1.744135141903553432e+01 -1.745255760162997305e+01 -1.746416177013788840e+01 -1.747611052561950018e+01 -1.748841072252529472e+01 -1.750101440191476598e+01 -1.751392390262741117e+01 -1.752711196623036471e+01 -1.754056227558827175e+01 -1.755427128569289508e+01 -1.756820215836169297e+01 -1.758236226034777161e+01 -1.759672501418831203e+01 -1.761129504429926129e+01 -1.762604033012453186e+01 -1.764096177162061707e+01 -1.765604027099285744e+01 -1.767129428843112748e+01 -1.768668126450141287e+01 -1.770221761063674037e+01 -1.771787658119009023e+01 -1.773367420852436283e+01 -1.774957999769110728e+01 -1.776558396243296301e+01 -1.778172714642855112e+01 -1.779794783108793865e+01 -1.781425958242503782e+01 -1.783067831631816347e+01 -1.784719203658093534e+01 -1.786375519825385894e+01 -1.788041422503821565e+01 -1.789712056513062066e+01 -1.791388942619867919e+01 -1.793073901371525380e+01 -1.794761390461062334e+01 -1.796453023651871916e+01 -1.798150754659852879e+01
-2.233119490258818374e+01 -2.231038040734512506e+01 -2.228869059742713432e+01 -2.226331671900960174e+01 -2.222610389854002477e+01 -2.215898484750623609e+01 -2.203658053502131153e+01 -2.184642901856621933e+01 -2.160607399341416368e+01 -2.134746358140697353e+01 -2.109461973054739659e+01 -2.085952338316986499e+01 -2.064648768346114949e+01 -2.045604364573441103e+01 -2.028711469861707428e+01 -2.013794618019818117e+01 -2.000655936044373462e+01 -1.989092791902112012e+01 -1.978903974458318871e+01 -1.969901343595582688e+01 -1.961908360253930184e+01 -1.954760015408855978e+01 -1.948317387174618531e+01 -1.942458120878563932e+01 -1.937084534336536024e+01 -1.932117217122479147e+01 -1.927498727465884443e+01 -1.923188751325483636e+01 -1.919159995089196968e+01 -1.915390422962795114e+01 -1.912072057377760004e+01 -1.909237369515673421e+01 -1.906706985716921210e+01 -1.904417760560483686e+01 -1.902308172860694668e+01 -1.900349708387122405e+01 -1.898438879549648917e+01 -1.896790528694709721e+01 -1.894765240077533619e+01 -1.892031237238866481e+01 -1.888438948832569864e+01 -1.883660006721313707e+01 -1.877481999182231576e+01 -1.869994826787995734e+01 -1.861505550178375401e+01 -1.852383524567717643e+01 -1.843084856232080426e+01 -1.833927678147719931e+01 -1.825159488002157104e+01 -1.816905224065261493e+01 -1.809287898256905791e+01 -1.802321456909311692e+01 -1.796042726340723306e+01 -1.790413354652145728e+01 -1.785399606618913282e+01 -1.780966830182970995e+01 -1.777070220588589322e+01 -1.773662434949055822e+01 -1.770701333341590100e+01 -1.768133158002378380e+01 -1.765933780114439244e+01 -1.764065788322763240e+01 -1.762494024641418733e+01 -1.761191656861635124e+01 -1.760143505711874212e+01 -1.759305126404964525e+01 -1.758656611161814354e+01 -1.758193083645834065e+01 -1.757897222433251727e+01 -1.757750865079003333e+01 -1.757744298788064086e+01 -1.757865936169955745e+01 -1.758096997091473668e+01 -1.758437569839958670e+01 -1.758876762845893182e+01 -1.759403926525827799e+01 -1.760011869730801237e+01 -1.760698667209870649e+01 -1.761453672754947419e+01 -1.762269374893180185e+01 -1.763141562764251447e+01 -1.764058194434268501e+01 -1.765021754663652942e+01 -1.766032997575554475e+01 -1.767096842498916232e+01 -1.768204107529904689e+01 -1.769351063729151718e+01 -1.770531337572055719e+01 -1.771740054261540465e+01 -1.772983377073930455e+01 -1.774253742636966891e+01 -1.775554969086456936e+01 -1.776883635849490162e+01 -1.778235815922667129e+01 -1.779615153625376678e+01 -1.781014488621038439e+01 -1.782440122048162223e+01 -1.783881174301773953e+01 -1.785343788684244259e+01 -1.786828512153493165e+01 -1.788325946454705573e+01 -1.789842475374406661e+01 -1.791374697618283918e+01 -1.792918664029728504e+01 -1.794481286144424459e+01 -1.796054622103826404e+01 -1.797637721012099377e+01 -1.799238022548259508e+01 -1.800844611140842844e+01 -1.802462793981494471e+01 -1.804090611371637820e+01 -1.805727285463404996e+01 -1.807372445222645752e+01 -1.809025146907687542e+01 -1.810684878687013466e+01 -1.812351081014498178e+01 -1.814021944603464220e+01 -1.815697912455654972e+01 -1.817376965698285574e+01 -1.819058170659145190e+01 -1.820740522025342045e+01
-2.224695343837347039e+01 -2.222616968910473290e+01 -2.220547012924097174e+01 -2.218485410456363383e+01 -2.216433478950976621e+01 -2.214389370214579955e+01 -2.212353966903048530e+01 -2.210326440164248041e+01 -2.208307253388700886e+01 -2.206296381001769547e+01 -2.204291974034210000e+01 -2.202289856699911041e+01 -2.200267915794482576e+01 -2.198129950133375488e+01 -2.195569548082408673e+01 -2.191753777883137033e+01 -2.184998079808485016e+01 -2.173130504643782146e+01 -2.155216004156014975e+01 -2.132795758745217896e+01 -2.108601140572780608e+01 -2.084758933637042233e+01 -2.062389774162990008e+01 -2.041920042928662227e+01 -2.023429420031305170e+01 -2.006837434301582945e+01 -1.992002327636740233e+01 -1.978765256201198852e+01 -1.966972830883249657e+01 -1.956441042691339405e+01 -1.946954415641532421e+01 -1.938449182847183749e+01 -1.930797311176253217e+01 -1.923866615348429931e+01 -1.917584812221777923e+01 -1.912080660164506440e+01 -1.906923939065998397e+01 -1.901796407353941731e+01 -1.896425016268034014e+01 -1.890528436567181458e+01 -1.883923143813887080e+01 -1.876505268434731377e+01 -1.868426050039166242e+01 -1.859624480857554119e+01 -1.850206185825143024e+01 -1.840528709605155910e+01 -1.830983937402937656e+01 -1.821874740575154306e+01 -1.813279186985657176e+01 -1.805274277674205763e+01 -1.797976305608919390e+01 -1.791417446647925615e+01 -1.785545692572721066e+01 -1.780305045902600369e+01 -1.775671385391655477e+01 -1.771615624220415697e+01 -1.768108144640598312e+01 -1.765041167943753564e+01 -1.762386120791951782e+01 -1.760096694589310218e+01 -1.758136731264593422e+01 -1.756466536938147271e+01 -1.755127822505027879e+01 -1.754033616297739329e+01 -1.753144591191581014e+01 -1.752432881167556999e+01 -1.751890150343480101e+01 -1.751504565257901902e+01 -1.751262120228203756e+01 -1.751136468891786890e+01 -1.751123782793330719e+01 -1.751223962854370697e+01 -1.751426438112019213e+01 -1.751722642992526247e+01 -1.752108736107069475e+01 -1.752579830980860720e+01 -1.753123925262953975e+01 -1.753731755750699151e+01 -1.754401376093268183e+01 -1.755132459183427684e+01 -1.755915386372544162e+01 -1.756751174422949191e+01 -1.757637735471075047e+01 -1.758571204156530499e+01 -1.759550838224131297e+01 -1.760572347323217812e+01 -1.761632822617888650e+01 -1.762732729295494138e+01 -1.763863107725640234e+01 -1.765021754663652942e+01 -1.766216152063537947e+01 -1.767440224713998020e+01 -1.768693464518648994e+01 -1.769975243880591620e+01 -1.771284795887449803e+01 -1.772616568199943998e+01 -1.773973775528502372e+01 -1.775355066173295526e+01 -1.776756299077944590e+01 -1.778177969582445428e+01 -1.779617869748345171e+01 -1.781076241983316777e+01 -1.782553314111398279e+01 -1.784043280676637977e+01 -1.785551919909725171e+01 -1.787072913987868361e+01 -1.788609005624596193e+01 -1.790156395465963612e+01 -1.791717873906067027e+01 -1.793292914395463100e+01 -1.794873168112961537e+01 -1.796469035984319973e+01 -1.798067596284630909e+01 -1.799679805347830808e+01 -1.801298656082040139e+01 -1.802923948560167489e+01 -1.804555969034776908e+01 -1.806192580521961233e+01 -1.807833953095263979e+01 -1.809478716678289345e+01 -1.811125342831353535e+01
-2.216766995126083373e+01 -2.214193223845379066e+01 -2.210618832190477434e+01 -2.204756114006308110e+01 -2.194873168112961537e+01 -2.179920420239163192e+01 -2.160674076217316397e+01 -2.139213768165164353e+01 -2.117493756946162975e+01 -2.096705906221914617e+01 -2.077376108292401469e+01 -2.059650199554800309e+01 -2.043478992930018734e+01 -2.028734188189461563e+01 -2.015266799679564969e+01 -2.002929988009555373e+01 -1.991588864805932246e+01 -1.981112773922866310e+01 -1.971381308305896241e+01 -1.962273018456099294e+01 -1.953671933504675451e+01 -1.945480425537268943e+01 -1.937630630223084083e+01 -1.930089972685875566e+01 -1.922871391087853610e+01 -1.916016385449158577e+01 -1.909590145033793718e+01 -1.903662778356970975e+01 -1.898300842179379444e+01 -1.893479387194568631e+01 -1.890090664022689992e+01 -1.887179465603732709e+01 -1.884719203658093534e+01 -1.882687203006179288e+01 -1.881039740747841904e+01 -1.879525616731120152e+01 -1.878065128268642070e+01 -1.876647087273137871e+01 -1.874909230029914298e+01 -1.872535730530067610e+01 -1.869402558560369698e+01 -1.865362746317545373e+01 -1.860320804485851909e+01 -1.854443952496290393e+01 -1.847984411305513675e+01 -1.841193007681877702e+01 -1.834333652861402797e+01 -1.827696322592685974e+01 -1.821412941357390380e+01 -1.815595795795898226e+01 -1.810265886755518849e+01 -1.805492551152126879e+01 -1.801269579802250220e+01 -1.797571962395291933e+01 -1.794313324634168794e+01 -1.791456670258300932e+01 -1.789089413624471092e+01 -1.787060016386410410e+01 -1.785315906596493107e+01 -1.783788385893763007e+01 -1.782454617374951766e+01 -1.781270494530626181e+01 -1.780346458557774270e+01 -1.779664069847769881e+01 -1.779086046394346710e+01 -1.778605745315992337e+01 -1.778198995701563589e+01 -1.777861184669365713e+01 -1.777585556782871024e+01 -1.777370949481658258e+01 -1.777224180388908437e+01 -1.777144566346099097e+01 -1.777134304189106473e+01 -1.777193344734202896e+01 -1.777321971318543703e+01 -1.777520804350731964e+01 -1.777782999131823516e+01 -1.778109704913716982e+01 -1.778497082190569856e+01 -1.778944071818927597e+01 -1.779452496325911071e+01 -1.780021740603101321e+01 -1.780651364029025885e+01 -1.781335438940399740e+01 -1.782076427880151925e+01 -1.782868317534342850e+01 -1.783710715928574686e+01 -1.784603277835451962e+01 -1.785539466128525632e+01 -1.786521747061814480e+01 -1.787549577516571730e+01 -1.788619029732705457e+01 -1.789732622945107465e+01 -1.790882563929311999e+01 -1.792071019390133912e+01 -1.793296636015773871e+01 -1.794557847553746299e+01 -1.795848888704067647e+01 -1.797171349057372325e+01 -1.798526950499824650e+01 -1.799908893786877684e+01 -1.801317006521860264e+01 -1.802751482310276643e+01 -1.804210551278710284e+01 -1.805692613228747234e+01 -1.807196279359311575e+01 -1.808720953335429016e+01 -1.810265336657059976e+01 -1.811827876705705265e+01 -1.813407324544296273e+01 -1.815004035778322589e+01 -1.816615195046885134e+01 -1.818240158036738308e+01 -1.819878843746694841e+01 -1.821528288102904369e+01 -1.823188751325483636e+01 -1.824858231350782845e+01 -1.826535216008227991e+01 -1.828217144922391668e+01 -1.829903682184044911e+01 -1.831590902740502713e+01
-2.208917823337965558e+01 -2.206850144789258650e+01 -2.204791016177709295e+01 -2.202735290842536031e+01 -2.200644914852246714e+01 -2.198334265517779684e+01 -2.195082075535403376e+01 -2.188793149573180230e+01 -2.175649068737322622e+01 -2.153067881548475171e+01 -2.123617533234606825e+01 -2.092237777075548166e+01 -2.062203842978036405e+01 -2.034866382545690655e+01 -2.010590003041453144e+01 -1.989350312986102765e+01 -1.970980951602969711e+01 -1.955298158575234169e+01 -1.942120039425236655e+01 -1.931300643373532111e+01 -1.922539545429967589e+01 -1.914453536170556802e+01 -1.908120978851674465e+01 -1.903474183965627375e+01 -1.900493546584385740e+01 -1.899216690729868162e+01 -1.899770431744506638e+01 -1.899327730779831569e+01 -1.897085982023567752e+01 -1.895573470008467964e+01 -1.894726759259678062e+01 -1.894450699332215393e+01 -1.894630706121504815e+01 -1.895276408454031980e+01 -1.896102237766730880e+01 -1.895999136398645746e+01 -1.895766079543644977e+01 -1.895070443166727969e+01 -1.893520518880461623e+01 -1.890717412707601852e+01 -1.886458109497214863e+01 -1.880598545362530061e+01 -1.873346256976569180e+01 -1.865167566229961338e+01 -1.856602226636889341e+01 -1.848017200622428291e+01 -1.839703978128533279e+01 -1.831923856105233739e+01 -1.824795923887658233e+01 -1.818415007285807050e+01 -1.812740673796589874e+01 -1.807760674605365381e+01 -1.803405080802999905e+01 -1.799658255479780777e+01 -1.796509092663225005e+01 -1.793862292580611140e+01 -1.791638989483768896e+01 -1.789770353384639989e+01 -1.788216548145625140e+01 -1.786989147963906177e+01 -1.785996358902471925e+01 -1.785216915005653959e+01 -1.784600231330719922e+01 -1.784124561336771109e+01 -1.783821288125447779e+01 -1.783615312420579713e+01 -1.783490412524578161e+01 -1.783439959748258730e+01 -1.783448858921444824e+01 -1.783517146565552025e+01 -1.783654044823001072e+01 -1.783851220891254741e+01 -1.784118535327577248e+01 -1.784448177929158774e+01 -1.784832376915295171e+01 -1.785278758302954216e+01 -1.785779830983648608e+01 -1.786334283812612256e+01 -1.786931250601796606e+01 -1.787572406799366220e+01 -1.788252983637988081e+01 -1.788974708264659697e+01 -1.789742909814570027e+01 -1.790556381198204505e+01 -1.791417446647925615e+01 -1.792317757665722766e+01 -1.793259434156217580e+01 -1.794244799894546816e+01 -1.795264723924606542e+01 -1.796317156662288639e+01 -1.797403909014362000e+01 -1.798526950499824650e+01 -1.799684116604913697e+01 -1.800872074864694028e+01 -1.802089342818707607e+01 -1.803334680532233847e+01 -1.804607126100613357e+01 -1.805904545723368315e+01 -1.807226018182861083e+01 -1.808569916352782414e+01 -1.809934889737446895e+01 -1.811318226706238477e+01 -1.812717385667771097e+01 -1.814123428651774717e+01 -1.815541721468997594e+01 -1.816975787873062131e+01 -1.818424963068788358e+01 -1.819885021721711738e+01 -1.821352542236155614e+01 -1.822831699953481532e+01 -1.824320419810372584e+01 -1.825817895311319106e+01 -1.827323205231368064e+01 -1.828834458973789268e+01 -1.830351255624925599e+01 -1.831871352597191560e+01 -1.833392215275393866e+01 -1.834913903132845192e+01 -1.836432528602997039e+01 -1.837945796015040045e+01 -1.839451179134225356e+01
-2.203530676339968153e+01 -2.201443432248989396e+01 -2.199366233962544825e+01 -2.197297674541129808e+01 -2.195237472241821663e+01 -2.193188838297269783e+01 -2.191147410756874336e+01 -2.189113067088376852e+01 -2.187089041377927146e+01 -2.185075008740971825e+01 -2.183067831631816347e+01 -2.181070624411430714e+01 -2.179080680428047145e+01 -2.177098405723658914e+01 -2.175126677019519406e+01 -2.173158585542345733e+01 -2.171201921647750055e+01 -2.169250396208678566e+01 -2.167307046295649542e+01 -2.165368615294088173e+01 -2.163439971209199442e+01 -2.161518081604804209e+01 -2.159602203633064477e+01 -2.157693443666990518e+01 -2.155791237044924102e+01 -2.153896693088185899e+01 -2.152002181921921675e+01 -2.150087676659577696e+01 -2.148057893786671357e+01 -2.145598159214122447e+01 -2.141826646229892361e+01 -2.134877045907316173e+01 -2.122146529215946131e+01 -2.102260109404249633e+01 -2.076791915755862661e+01 -2.049001832932819411e+01 -2.021335503562722380e+01 -1.994996843763159688e+01 -1.970568811909798868e+01 -1.948248740698355874e+01 -1.928057755389521688e+01 -1.909928339128089192e+01 -1.893408433181140893e+01 -1.878669479383720642e+01 -1.865637480537548853e+01 -1.854145279580340855e+01 -1.843990199257370222e+01 -1.835056777675838191e+01 -1.827255634820432917e+01 -1.820462753507913689e+01 -1.814533573710293624e+01 -1.809445775692040215e+01 -1.805099077787592776e+01 -1.801399455329312360e+01 -1.798284140151218580e+01 -1.795683427979254532e+01 -1.793524260057031938e+01 -1.791793306571488742e+01 -1.790441225308125794e+01 -1.789431953705419076e+01 -1.788712699815954110e+01 -1.788233105943755774e+01 -1.787975520445363387e+01 -1.787916293974526383e+01 -1.788031530817594827e+01 -1.788279501390721649e+01 -1.788639084892697184e+01 -1.789109687233268531e+01 -1.789674376664494915e+01 -1.790322898346677505e+01 -1.791044811711354612e+01 -1.791793306571488742e+01 -1.792569565599856674e+01 -1.793400971076622241e+01 -1.794279048749221062e+01 -1.795198570906194391e+01 -1.796161830853230512e+01 -1.797159143488453026e+01 -1.798188227940899964e+01 -1.799203896666381652e+01 -1.800229041806913344e+01 -1.801288365326693963e+01 -1.802377386073196774e+01 -1.803490182679048104e+01 -1.804627412561644562e+01 -1.805787284253908354e+01 -1.806968785776008346e+01 -1.808170748724464616e+01 -1.809390210676745525e+01 -1.810624378452258298e+01 -1.811871807943621704e+01 -1.813130854986211915e+01 -1.814402074809712673e+01 -1.815634372651796724e+01 -1.816875749527522288e+01 -1.818125300175756465e+01 -1.819381324021784607e+01 -1.820642611828368018e+01 -1.821907812151516382e+01 -1.823174679350196925e+01 -1.824441477053490956e+01 -1.825707072759398031e+01 -1.826970233790284937e+01 -1.828229621900209523e+01 -1.829482075512632377e+01 -1.830727642729911153e+01 -1.831964635358270499e+01 -1.833191241372317748e+01 -1.834405521827734376e+01 -1.835606394648942441e+01 -1.836791743577085967e+01 -1.837960365464871515e+01 -1.839109973591115121e+01 -1.840240352858381101e+01 -1.841346895473397183e+01 -1.842431577229241668e+01 -1.843488449018062170e+01 -1.844517177446777012e+01 -1.845515092829622716e+01 -1.846478185648281567e+01 -1.847403572196278532e+01
-2.198589967848037929e+01 -2.196389033293942106e+01 -2.194202976828929508e+01 -2.192031237238866481e+01 -2.189869981953231459e+01 -2.187719453715255469e+01 -2.185586186233641115e+01 -2.183463694930262733e+01 -2.181358051084452399e+01 -2.179263496253092924e+01 -2.177183071046015073e+01 -2.175119329587128192e+01 -2.173067388928976484e+01 -2.171032187910026678e+01 -2.169009316443131752e+01 -2.167001261272119805e+01 -2.165008170529073794e+01 -2.163030186105011765e+01 -2.161065668874792323e+01 -2.159116667822358338e+01 -2.157180039073612221e+01 -2.155259387126062975e+01 -2.153351793150408966e+01 -2.151459092367742088e+01 -2.149578748021779617e+01 -2.147712559768619656e+01 -2.145859550737778676e+01 -2.144012926855305778e+01 -2.142145247136684816e+01 -2.140123137260321684e+01 -2.137459493686777634e+01 -2.132761578693827431e+01 -2.123248051815251713e+01 -2.106058059667068250e+01 -2.081567773442284164e+01 -2.053418604273052139e+01 -2.025106036366867812e+01 -1.998501769141451945e+01 -1.974304184743906987e+01 -1.952645464132524822e+01 -1.933429708596256091e+01 -1.916472172840816768e+01 -1.901564824011027355e+01 -1.888475571467274605e+01 -1.876957662610735866e+01 -1.866903863038840683e+01 -1.858154954917041479e+01 -1.850563666073269076e+01 -1.844000963479054889e+01 -1.838353498912796269e+01 -1.833517945520437920e+01 -1.829367488129373243e+01 -1.825823404515268678e+01 -1.822839782243063667e+01 -1.820345341812233286e+01 -1.818273219433120502e+01 -1.816563652776626014e+01 -1.815073418283844120e+01 -1.813837599154440383e+01 -1.812833367783255767e+01 -1.812026777467531957e+01 -1.811388733193190603e+01 -1.810808360596277922e+01 -1.810350134014121082e+01 -1.810034909150005689e+01 -1.809844360560450838e+01 -1.809778491131489631e+01 -1.809773051843847824e+01 -1.809875969792669181e+01 -1.810092401509425741e+01 -1.810412460937897805e+01 -1.810842351890261526e+01 -1.811376315748468713e+01 -1.811964380058076429e+01 -1.812603453999559378e+01 -1.813335237552517754e+01 -1.814142069835817850e+01 -1.815029197150783347e+01 -1.815974958309428899e+01 -1.816975145867220220e+01 -1.818047580556506304e+01 -1.819184981904945531e+01 -1.820317598456115249e+01 -1.821485531357336640e+01 -1.822710645758635906e+01 -1.823984149100191132e+01 -1.825282910201317677e+01 -1.826612893740169596e+01 -1.827976625249217335e+01 -1.829371758352299437e+01 -1.830792898466489049e+01 -1.832240217120899928e+01 -1.833709113563323001e+01 -1.835142533469100457e+01 -1.836597640643291740e+01 -1.838082315923322341e+01 -1.839594683484850535e+01 -1.841117946770678770e+01 -1.842642063356288418e+01 -1.844179559957348147e+01 -1.845739862224685268e+01 -1.847319565619208959e+01 -1.848917359381248460e+01 -1.850531677942882069e+01 -1.852159224568293894e+01 -1.853794657921292455e+01 -1.855430241010483883e+01 -1.857073233356683062e+01 -1.858723714772492031e+01 -1.860378321170902893e+01 -1.862035008459551833e+01 -1.863691475696066391e+01 -1.865345144145152645e+01 -1.866993136404561326e+01 -1.868634365338196801e+01 -1.870261158811937463e+01 -1.871873931294498661e+01 -1.873466322203208279e+01 -1.875033701263939534e+01 -1.876565991238481601e+01 -1.878059886964243930e+01
-2.193542970775597567e+01 -2.191285772061619141e+01 -2.189045519912165361e+01 -2.186812481202740699e+01 -2.184594138962302878e+01 -2.182387978894391622e+01 -2.180194804827565491e+01 -2.178015361397563865e+01 -2.175847842232395024e+01 -2.173695601668683608e+01 -2.171556926615548022e+01 -2.169434773863523702e+01 -2.167325462043467965e+01 -2.165233829087837947e+01 -2.163154575333095053e+01 -2.161094028649330667e+01 -2.159047263298775832e+01 -2.157018314569342010e+01 -2.155005901122666145e+01 -2.153008966192237494e+01 -2.151029458136618544e+01 -2.149066304198235500e+01 -2.147119895566352810e+01 -2.145190553540056655e+01 -2.143277359844738683e+01 -2.141381792581092824e+01 -2.139501837039256671e+01 -2.137639928010474222e+01 -2.135793137265849495e+01 -2.133962788756365114e+01 -2.132149072576144277e+01 -2.130351255624925599e+01 -2.128568700870519947e+01 -2.126800855098106879e+01 -2.125048784440557270e+01 -2.123311147432755774e+01 -2.121586790481465101e+01 -2.119877470982697787e+01 -2.118180710874039718e+01 -2.116496929636064905e+01 -2.114825869084896581e+01 -2.113166126204093587e+01 -2.111518198764644083e+01 -2.109881421986284877e+01 -2.108255226018193440e+01 -2.106638618790221074e+01 -2.105031243280637199e+01 -2.103432802877989261e+01 -2.101842147594017618e+01 -2.100259613931520875e+01 -2.098682559012113202e+01 -2.097114419060955726e+01 -2.095549943762935996e+01 -2.093994463517515570e+01 -2.092434356640206516e+01 -2.090861445792163309e+01 -2.089194262621614584e+01 -2.087198866742402359e+01 -2.084224111395313628e+01 -2.078922681952982643e+01 -2.069393971847240010e+01 -2.054457646637902002e+01 -2.034883833046347945e+01 -2.012063456294771768e+01 -1.989612789159694373e+01 -1.968224997115776631e+01 -1.948558507941963214e+01 -1.930833512318414336e+01 -1.914955595175975844e+01 -1.900789293478630171e+01 -1.888213237343398276e+01 -1.877106095754345816e+01 -1.867315230108400925e+01 -1.858723714772492031e+01 -1.851160441637561149e+01 -1.844438567711376464e+01 -1.838553518541003484e+01 -1.833424082534214605e+01 -1.828967104195736937e+01 -1.825107584764193547e+01 -1.821770657719045516e+01 -1.818883401327197191e+01 -1.816420799930599017e+01 -1.814288470511459650e+01 -1.812060589645605191e+01 -1.810103909120033805e+01 -1.808446826061605606e+01 -1.807006023334952260e+01 -1.805804654743036863e+01 -1.804819637492708750e+01 -1.804035769277987811e+01 -1.803359073038042482e+01 -1.802826967910404576e+01 -1.802446709766414656e+01 -1.802201589616376154e+01 -1.802081596632558202e+01 -1.802076585130592434e+01 -1.802175555377496607e+01 -1.802369129698492145e+01 -1.802652115656192677e+01 -1.803023008624688828e+01 -1.803474183965627375e+01 -1.804000516167158352e+01 -1.804597952004157335e+01 -1.805261529831525991e+01 -1.805987714826617818e+01 -1.806772414822458828e+01 -1.807611899978877901e+01 -1.808503309188950681e+01 -1.809443076718806509e+01 -1.810428470776926346e+01 -1.811456527280075690e+01 -1.812523415731041965e+01 -1.813627277989785114e+01 -1.814765421921453736e+01 -1.815934197440767406e+01 -1.817130788696810484e+01 -1.818352669623475037e+01 -1.819596966632299129e+01 -1.820860412576519138e+01 -1.822137851859013580e+01
-2.185695395666241225e+01 -2.183502292288911306e+01 -2.181321312326675255e+01 -2.179150489757016373e+01 -2.176993444879395412e+01 -2.174848344770832043e+01 -2.172718406645690337e+01 -2.170599697427440233e+01 -2.168493275048578539e+01 -2.166402085765964713e+01 -2.164324773785244105e+01 -2.162260267323011576e+01 -2.160209473627633159e+01 -2.158171528512186299e+01 -2.156148929495188327e+01 -2.154139236381529088e+01 -2.152141907625772177e+01 -2.150160673132930000e+01 -2.148190739848346809e+01 -2.146235717613625127e+01 -2.144290202164773973e+01 -2.142350891889049791e+01 -2.140395299245455973e+01 -2.138373459471829108e+01 -2.136172045307415601e+01 -2.133582829463806974e+01 -2.130292765952502165e+01 -2.125920323302643666e+01 -2.120137697352398476e+01 -2.112830449863101023e+01 -2.104185675952474455e+01 -2.094638382559561052e+01 -2.084716149010777997e+01 -2.074894609781269139e+01 -2.065531305629437853e+01 -2.056852365556844120e+01 -2.048979022291069185e+01 -2.041957686158815477e+01 -2.035787196571196844e+01 -2.030437825110674765e+01 -2.025861200752073188e+01 -2.022002853257802713e+01 -2.018800296850123388e+01 -2.016184381524785252e+01 -2.014072356737197467e+01 -2.012351658176867275e+01 -2.010866886727151837e+01 -2.009403151513608421e+01 -2.007690111594598292e+01 -2.005430989255687280e+01 -2.002365919309953313e+01 -1.998292490362394247e+01 -1.993304080213287932e+01 -1.987582194452532391e+01 -1.981408971495928384e+01 -1.975082611059288595e+01 -1.968888215733749547e+01 -1.962891365750520478e+01 -1.957163839495599689e+01 -1.951934641115662927e+01 -1.947226701475079835e+01 -1.942904864182061075e+01 -1.938817052050162459e+01 -1.934738626009428586e+01 -1.930596546150783865e+01 -1.926103720287537513e+01 -1.921082133727787067e+01 -1.915544206168887698e+01 -1.909524118968024808e+01 -1.903312176526536348e+01 -1.896919795122773422e+01 -1.890479576687818053e+01 -1.884212032561084627e+01 -1.878130698000864385e+01 -1.872392900686296713e+01 -1.867153884656911345e+01 -1.862302177969198524e+01 -1.857834672428835532e+01 -1.853772182400328106e+01 -1.850112454158425024e+01 -1.846862328191854274e+01 -1.843953142901987619e+01 -1.841370532385486669e+01 -1.839099287211093170e+01 -1.837091675408333558e+01 -1.835340024827962679e+01 -1.833823462580674857e+01 -1.832526742211062398e+01 -1.831436572899804460e+01 -1.830512290379428819e+01 -1.829763840465818348e+01 -1.829179162469551656e+01 -1.828743447212669082e+01 -1.828442280804254594e+01 -1.828224630678928264e+01 -1.828112479585936612e+01 -1.828094230524239094e+01 -1.828168934306603433e+01 -1.828340408181515286e+01 -1.828603090469647796e+01 -1.828950184180644101e+01 -1.829373466559040651e+01 -1.829863064431774333e+01 -1.830422947366285413e+01 -1.831031828730919386e+01 -1.831695296176114951e+01 -1.832415752674535980e+01 -1.833190308779509436e+01 -1.834013131833732047e+01 -1.834882863390114949e+01 -1.835794127460635039e+01 -1.836732004978327737e+01 -1.837680241440386197e+01 -1.838660220962004388e+01 -1.839671485647449956e+01 -1.840706860387055244e+01 -1.841762978345019874e+01 -1.842837267882588392e+01 -1.843923281758475241e+01 -1.845016330020730067e+01 -1.846111221998529928e+01
-2.179250027669269585e+01 -2.177072782117870986e+01 -2.174909230029914298e+01 -2.172757817362849764e+01 -2.170619564008066504e+01 -2.168491172691168245e+01 -2.166376047124508020e+01 -2.164271326848588117e+01 -2.162180202955408248e+01 -2.160101893334186940e+01 -2.158035811376144864e+01 -2.155981534592911331e+01 -2.153938777346517242e+01 -2.151908802215336181e+01 -2.149891333836380625e+01 -2.147884883533387068e+01 -2.145892023222337031e+01 -2.143908955699236074e+01 -2.141938290117057164e+01 -2.139972427630107887e+01 -2.138003061277535011e+01 -2.136000580259971215e+01 -2.133903970822391472e+01 -2.131595397286357141e+01 -2.128885103597646733e+01 -2.125516741855364344e+01 -2.121203680011604220e+01 -2.115717242007002596e+01 -2.108972252899502564e+01 -2.101070149980186486e+01 -2.092263209471584418e+01 -2.082880028319957688e+01 -2.073242937343066217e+01 -2.063623764113062364e+01 -2.054240571050386421e+01 -2.045250835491333419e+01 -2.036769458558633161e+01 -2.028876658724656679e+01 -2.021621786872970716e+01 -2.014703230897118047e+01 -2.008360922615116806e+01 -2.002665505342807251e+01 -1.997584284554032763e+01 -1.993047989916477292e+01 -1.988967970315970391e+01 -1.985334492665902673e+01 -1.982263667524963680e+01 -1.979086046394346710e+01 -1.975564864716961822e+01 -1.971527607536384252e+01 -1.966926164182112302e+01 -1.961704689998495965e+01 -1.955979958463851176e+01 -1.950058787432772434e+01 -1.944044047065350256e+01 -1.938182634231312917e+01 -1.932590160990521966e+01 -1.927293070494385319e+01 -1.922447692932917107e+01 -1.918193914324226057e+01 -1.914423257397375266e+01 -1.911060304334450777e+01 -1.908000719045913840e+01 -1.905156747184749122e+01 -1.902607359436002454e+01 -1.899969610021518918e+01 -1.897090043317645680e+01 -1.893817069270530240e+01 -1.890028483764897516e+01 -1.885695395666241225e+01 -1.881014488621038439e+01 -1.876142703830337055e+01 -1.870998766072045782e+01 -1.865736022620556511e+01 -1.860493583566875841e+01 -1.855355603916813578e+01 -1.850464995903259791e+01 -1.845890773831557397e+01 -1.841665384038353892e+01 -1.837788963963878075e+01 -1.834266682293139539e+01 -1.831093988787604587e+01 -1.828254586614643529e+01 -1.825724345612562161e+01 -1.823421227271313327e+01 -1.821385218390282290e+01 -1.819609243508194396e+01 -1.818067984956507388e+01 -1.816728676149281441e+01 -1.815591442496441843e+01 -1.814644779410245690e+01 -1.813874644803428993e+01 -1.813266217163792859e+01 -1.812807113556906913e+01 -1.812486925504957114e+01 -1.812294556278476776e+01 -1.812221989551536439e+01 -1.812259985571624199e+01 -1.812401900687607537e+01 -1.812640042307823407e+01 -1.812968975322509024e+01 -1.813382494202971884e+01 -1.813875242572923341e+01 -1.814442027749828057e+01 -1.815078334523686721e+01 -1.815779654101081064e+01 -1.816542035963530211e+01 -1.817360769503416407e+01 -1.818232887905918815e+01 -1.819153919388200791e+01 -1.820121128604874983e+01 -1.821129439807603489e+01 -1.822177637323390442e+01 -1.823259921635981939e+01 -1.824374435124576621e+01 -1.825517523403331310e+01 -1.826685090331116257e+01 -1.827872537272891407e+01 -1.829077245266568141e+01 -1.830294510772742456e+01 -1.831518155826934802e+01
-2.173409779569824352e+01 -2.171251179159871114e+01 -2.169105161369041923e+01 -2.166968770918004950e+01 -2.164845491469383632e+01 -2.162730888089422976e+01 -2.160630198333458551e+01 -2.158539428753545053e+01 -2.156460161973264178e+01 -2.154390738511209946e+01 -2.152334223996883722e+01 -2.150287676059850384e+01 -2.148252698123966198e+01 -2.146228162257140326e+01 -2.144214405892719455e+01 -2.142211774049174622e+01 -2.140219515759570612e+01 -2.138237070224215941e+01 -2.136265038808247851e+01 -2.134303981725715005e+01 -2.132351673126353830e+01 -2.130409824175990963e+01 -2.128476570403767454e+01 -2.126550420296372934e+01 -2.124623315164946291e+01 -2.122671833174307920e+01 -2.120641214709236877e+01 -2.118413680020497480e+01 -2.115775906845058429e+01 -2.112409413183238271e+01 -2.107927680134511306e+01 -2.101991477957795240e+01 -2.094465990045581805e+01 -2.085514569274706886e+01 -2.075547548842991574e+01 -2.065081964100362200e+01 -2.054588719997418877e+01 -2.044426486525087938e+01 -2.034827628741138028e+01 -2.025919534472314609e+01 -2.017744619778119031e+01 -2.010280191761703250e+01 -2.003443144453985525e+01 -1.997090043317645680e+01 -1.991030679121516300e+01 -1.985031911751706346e+01 -1.978871923203587002e+01 -1.972383701968085745e+01 -1.965505783723476441e+01 -1.958287721112198199e+01 -1.950877842376071669e+01 -1.943460086928440234e+01 -1.936227017402035600e+01 -1.929349557776672341e+01 -1.922930259526614094e+01 -1.917052897557788782e+01 -1.911766903089570491e+01 -1.907075482683129408e+01 -1.902910478968038888e+01 -1.899280717644295891e+01 -1.896161830853230512e+01 -1.893460703843800985e+01 -1.891168668441190448e+01 -1.889163796504482917e+01 -1.887416103600499540e+01 -1.885751667634049511e+01 -1.884061329903824600e+01 -1.882272328874141465e+01 -1.880230602491607783e+01 -1.877788207124177688e+01 -1.874933608053675727e+01 -1.871656307547222298e+01 -1.868045674192268635e+01 -1.864193183743846305e+01 -1.860166062408538679e+01 -1.856085685784885086e+01 -1.852051106788381674e+01 -1.848148606012211204e+01 -1.844432526698139796e+01 -1.840947023846216268e+01 -1.837717487080395884e+01 -1.834760859598294758e+01 -1.832075385458614036e+01 -1.829657104542278745e+01 -1.827496273431912499e+01 -1.825570701687732367e+01 -1.823877150266779523e+01 -1.822400384557563768e+01 -1.821127320522586857e+01 -1.820045958321116331e+01 -1.819141095698930854e+01 -1.818396429261700931e+01 -1.817807398952536957e+01 -1.817361417235255416e+01 -1.817046466518966596e+01 -1.816851416075134296e+01 -1.816771467876513313e+01 -1.816799592860502344e+01 -1.816913557452640049e+01 -1.817121769348966609e+01 -1.817419104094258842e+01 -1.817801509548321093e+01 -1.818263298371240566e+01 -1.818798288226845727e+01 -1.819402364928243898e+01 -1.820070770816987960e+01 -1.820797972100694295e+01 -1.821581079461903840e+01 -1.822417846264866625e+01 -1.823302976951880794e+01 -1.824234590082895480e+01 -1.825206797196345576e+01 -1.826216355170277694e+01 -1.827258888815728355e+01 -1.828331234678459793e+01 -1.829431585601759735e+01 -1.830555275505322399e+01 -1.831697098265295054e+01 -1.832853093800024524e+01 -1.834016933680686279e+01 -1.835184498535054587e+01
-2.167962519797633192e+01 -2.165820948010732039e+01 -2.163691475696066391e+01 -2.161570036069161560e+01 -2.159460240873500325e+01 -2.157361888382126480e+01 -2.155271790224302464e+01 -2.153193342682040168e+01 -2.151123782793330719e+01 -2.149064960070221630e+01 -2.147017198115073811e+01 -2.144978388076459197e+01 -2.142949208527896587e+01 -2.140930302847976918e+01 -2.138920148080723393e+01 -2.136919596717835290e+01 -2.134928460652570337e+01 -2.132943874839470766e+01 -2.130960897437228851e+01 -2.128960335398639359e+01 -2.126892721554600385e+01 -2.124646290062688792e+01 -2.122007178253891624e+01 -2.118638565676170060e+01 -2.114102391765774414e+01 -2.107979316356924215e+01 -2.100048233462017677e+01 -2.090423804052250034e+01 -2.079525616731120152e+01 -2.067933453333470339e+01 -2.056201174978049906e+01 -2.044762384474743655e+01 -2.033913452199612948e+01 -2.023829763245858615e+01 -2.014601600215361188e+01 -2.006255733871562441e+01 -1.998779570396925820e+01 -1.992139819964461012e+01 -1.986274086136323191e+01 -1.981124020704798738e+01 -1.976609054651222053e+01 -1.972642005432379264e+01 -1.969094501481359316e+01 -1.965840721925470547e+01 -1.962705119397221409e+01 -1.959485862463705175e+01 -1.955961049375410354e+01 -1.951938949094061115e+01 -1.947359610026320098e+01 -1.942172763155465987e+01 -1.936449614742448233e+01 -1.930363487303502268e+01 -1.924305976395327633e+01 -1.918316236909796402e+01 -1.912590104040439698e+01 -1.907201917916408718e+01 -1.902238155242111262e+01 -1.897757162881451265e+01 -1.893764368191456171e+01 -1.890249974776831365e+01 -1.887137459512404902e+01 -1.884439071632108309e+01 -1.882154106354779799e+01 -1.880236112444443108e+01 -1.878637600658391449e+01 -1.877298790400891448e+01 -1.876192879386944057e+01 -1.875273887311953303e+01 -1.874436573354141444e+01 -1.873603271590601693e+01 -1.872725358879880986e+01 -1.871803537674010087e+01 -1.870763315336377275e+01 -1.869602679745969454e+01 -1.868373602808931011e+01 -1.867023612498668328e+01 -1.865592226153189870e+01 -1.864082879428329775e+01 -1.862543493927723404e+01 -1.861028474752823314e+01 -1.859583362595120803e+01 -1.858208012700226064e+01 -1.856913515671854142e+01 -1.855715977503611569e+01 -1.854617731495926236e+01 -1.853624134967018477e+01 -1.852740443028525874e+01 -1.851943257499830509e+01 -1.851274846806519037e+01 -1.850726754077682656e+01 -1.850291823719052076e+01 -1.849965373008291536e+01 -1.849744998387309636e+01 -1.849626377734566063e+01 -1.849607319580648834e+01 -1.849671333644108628e+01 -1.849818788292490623e+01 -1.850046412215930047e+01 -1.850349932578437873e+01 -1.850725357565046991e+01 -1.851173138450453948e+01 -1.851682651390748546e+01 -1.852251698392505475e+01 -1.852876698135035483e+01 -1.853551045256602947e+01 -1.854275412165925729e+01 -1.855042904346878885e+01 -1.855850910146271815e+01 -1.856695058838338852e+01 -1.857573922763750929e+01 -1.858485964780412658e+01 -1.859422689862664413e+01 -1.860378321170902893e+01 -1.861350103444934589e+01 -1.862331357073808391e+01 -1.863318495383615314e+01 -1.864305678041986880e+01 -1.865286521708998180e+01 -1.866252077160596912e+01 -1.867194674974731683e+01 -1.868101893550527492e+01
-2.162972753215047206e+01 -2.160841217649005230e+01 -2.158716999743767317e+01 -2.156603825512110362e+01 -2.154500278269053837e+01 -2.152406744215769407e+01 -2.150322251996098899e+01 -2.148248740698355874e+01 -2.146182857699718483e+01 -2.144127943254740032e+01 -2.142081110809135680e+01 -2.140043348899838094e+01 -2.138015565557535780e+01 -2.135995605922490981e+01 -2.133985578392111293e+01 -2.131982771768869966e+01 -2.129989363210846420e+01 -2.128003927660751771e+01 -2.126026156374176423e+01 -2.124057391690976715e+01 -2.122095935724448168e+01 -2.120141149970571703e+01 -2.118189952867670200e+01 -2.116232950805907365e+01 -2.114242026737571933e+01 -2.112157012840259895e+01 -2.109859072340994501e+01 -2.107153757468254440e+01 -2.103778224392469554e+01 -2.099451919002060052e+01 -2.093967997131171543e+01 -2.087292761288054521e+01 -2.079612437672266623e+01 -2.071257900424016896e+01 -2.062622394862967923e+01 -2.054059243283305136e+01 -2.045829597671571065e+01 -2.038097975392076577e+01 -2.030936984249216692e+01 -2.024347038681969480e+01 -2.018263298371240566e+01 -2.012563996418156620e+01 -2.007066283153028152e+01 -2.001526571477856464e+01 -1.995655912375552532e+01 -1.989170564905991156e+01 -1.981881406587176997e+01 -1.973754891026957026e+01 -1.964919008906363374e+01 -1.955648668067651386e+01 -1.946598659279858268e+01 -1.937712312164313033e+01 -1.929171510377523902e+01 -1.921164069443561573e+01 -1.913807149790627449e+01 -1.907146077229107561e+01 -1.901202108412451963e+01 -1.895951633579372952e+01 -1.891321320437337405e+01 -1.887315455935081587e+01 -1.883917145685545336e+01 -1.881065007566080283e+01 -1.878714681005288867e+01 -1.876751213364701343e+01 -1.875114431989356945e+01 -1.873766758617737338e+01 -1.872688293151325922e+01 -1.871744585714819920e+01 -1.870911989473284009e+01 -1.870138705224005449e+01 -1.869378949183223781e+01 -1.868598522890390257e+01 -1.867732596824857438e+01 -1.866707701662554442e+01 -1.865558807542545239e+01 -1.864288499048961611e+01 -1.862933890171567697e+01 -1.861532407664043376e+01 -1.860120960724785988e+01 -1.858733789262741709e+01 -1.857383045296467472e+01 -1.856114134057943943e+01 -1.854947377087027860e+01 -1.853934266367734551e+01 -1.853075251590781036e+01 -1.852331325705435461e+01 -1.851701214340495127e+01 -1.851156210191346574e+01 -1.850728150635225688e+01 -1.850409505640564234e+01 -1.850182733936345514e+01 -1.850050536896410236e+01 -1.850016176522930778e+01 -1.850073917488194652e+01 -1.850218606659830911e+01 -1.850444178745213009e+01 -1.850744912829582489e+01 -1.851116736561759879e+01 -1.851535855511758655e+01 -1.851992115993451549e+01 -1.852493928629799314e+01 -1.853051671856547955e+01 -1.853662967270759410e+01 -1.854322416199278933e+01 -1.855029024442863061e+01 -1.855775547215204924e+01 -1.856562273874977720e+01 -1.857384673178401968e+01 -1.858239546455910229e+01 -1.859121750559585706e+01 -1.860027437391376992e+01 -1.860954181934771512e+01 -1.861897521859017246e+01 -1.862848882927000105e+01 -1.863808338133135578e+01 -1.864766309351804452e+01 -1.865718268536426550e+01 -1.866647212147890755e+01 -1.867528552343933157e+01 -1.868379893133363012e+01 -1.869192671283197171e+01
-2.158133418694652406e+01 -2.156024111713699298e+01 -2.153925245815580425e+01 -2.151834242742901537e+01 -2.149751825521429893e+01 -2.147679999565425391e+01 -2.145615536455049011e+01 -2.143559435382657696e+01 -2.141511495105447693e+01 -2.139472728467632479e+01 -2.137440977175354462e+01 -2.135417506503126006e+01 -2.133402522712307103e+01 -2.131394496603985900e+01 -2.129393970282379556e+01 -2.127401490304789533e+01 -2.125416039916304456e+01 -2.123436869336330446e+01 -2.121465592605931505e+01 -2.119500917652371186e+01 -2.117543163263236750e+01 -2.115592064369648639e+01 -2.113646896639842510e+01 -2.111708858297783209e+01 -2.109776859273665650e+01 -2.107851641603120996e+01 -2.105932417018144065e+01 -2.104019568349166036e+01 -2.102112589670383969e+01 -2.100212018096810596e+01 -2.098317550633251116e+01 -2.096429016217213714e+01 -2.094546354734504945e+01 -2.092664829761309875e+01 -2.090780587930268553e+01 -2.088873748634093630e+01 -2.086908755789252723e+01 -2.084814004448748648e+01 -2.082469117541421610e+01 -2.079666789031829310e+01 -2.076067549021220415e+01 -2.071161661560022438e+01 -2.064282774227696748e+01 -2.054836705254301066e+01 -2.042669896056553824e+01 -2.028298726045147760e+01 -2.012657476151817448e+01 -1.996726039479050741e+01 -1.981278960034994796e+01 -1.966835004544725862e+01 -1.953664461514534167e+01 -1.941760706217354482e+01 -1.931130438179748765e+01 -1.921714771332628402e+01 -1.913439861950045895e+01 -1.906218632680623415e+01 -1.899947915906381368e+01 -1.894554016276059727e+01 -1.889952606374234634e+01 -1.886056172584183344e+01 -1.882783508645904291e+01 -1.880062883860851031e+01 -1.877824680568113180e+01 -1.876015017930980733e+01 -1.874574203277616391e+01 -1.873445110087967436e+01 -1.872563429355257369e+01 -1.871864841832726256e+01 -1.871302735454262489e+01 -1.870800990465382085e+01 -1.870280871096801079e+01 -1.869676073134800376e+01 -1.868949786177320505e+01 -1.868070651589472320e+01 -1.867052076161251151e+01 -1.865919907740444117e+01 -1.864704608828991184e+01 -1.863438099774549528e+01 -1.862143858798142304e+01 -1.860800692774028775e+01 -1.859523468159768456e+01 -1.858302682739696365e+01 -1.857191382374634969e+01 -1.856218604115265336e+01 -1.855392906429899469e+01 -1.854689580156779272e+01 -1.854136215097435070e+01 -1.853706321226874110e+01 -1.853091470087688108e+01 -1.852509931441473512e+01 -1.851993553840401319e+01 -1.851631287669302495e+01 -1.851412248264088589e+01 -1.851327206401093051e+01 -1.851366871881533527e+01 -1.851523052228382582e+01 -1.851731217414704389e+01 -1.851903062324603866e+01 -1.852188101492254546e+01 -1.852574001720331864e+01 -1.853056092081639150e+01 -1.853613686045785869e+01 -1.854248142828600265e+01 -1.854948916183269247e+01 -1.855708145463015768e+01 -1.856519166134690835e+01 -1.857374906801945258e+01 -1.858271103124626222e+01 -1.859201457869186314e+01 -1.860162591384864328e+01 -1.861145477990404373e+01 -1.862143858798142304e+01 -1.863154575333095053e+01 -1.864172242420477232e+01 -1.865188993151976149e+01 -1.866198200652911154e+01 -1.867192634548684538e+01 -1.868164444977429639e+01 -1.869105161369041923e+01 -1.870005709997723287e+01 -1.870852014776330208e+01
-2.155522158518052223e+01 -2.153304345472692205e+01 -2.151097013193118457e+01 -2.148899948762667478e+01 -2.146714374568873751e+01 -2.144538971477383527e+01 -2.142375081755387001e+01 -2.140221708667657197e+01 -2.138080228420705353e+01 -2.135949868730673629e+01 -2.133830087034831280e+01 -2.131722335368556642e+01 -2.129626165764406664e+01 -2.127540467273631464e+01 -2.125466752017213068e+01 -2.123404101947558331e+01 -2.121352542236155614e+01 -2.119312164516202657e+01 -2.117283111735137169e+01 -2.115265565222096455e+01 -2.113257965657020776e+01 -2.111261903815906393e+01 -2.109276604820252032e+01 -2.107301482056219299e+01 -2.105337090898357388e+01 -2.103383009772168322e+01 -2.101438942767490303e+01 -2.099503411289317611e+01 -2.097580176779313277e+01 -2.095667702642542451e+01 -2.093760606274680569e+01 -2.091865269219586665e+01 -2.089973287064239926e+01 -2.088077711307641593e+01 -2.086135000514835625e+01 -2.084055312661253012e+01 -2.081630319136531782e+01 -2.078478557091277423e+01 -2.074011955265634199e+01 -2.067536778007708875e+01 -2.058566185441763352e+01 -2.047136606863942987e+01 -2.033865118802567196e+01 -2.019661800467351398e+01 -2.005377869956609160e+01 -1.991631825272569856e+01 -1.978794563519883809e+01 -1.967054109994027655e+01 -1.956474506960410054e+01 -1.947047981859431687e+01 -1.938721614328026277e+01 -1.931432094759939133e+01 -1.925102165615058780e+01 -1.919652239924595349e+01 -1.915003422268385691e+01 -1.911078796754653553e+01 -1.907732124284897068e+01 -1.904852162552535333e+01 -1.902484862024622458e+01 -1.900578406249858432e+01 -1.899084666809229205e+01 -1.897963871735229091e+01 -1.897171349057372325e+01 -1.896673712411552160e+01 -1.896373050425718532e+01 -1.896205584479690032e+01 -1.896197625995484159e+01 -1.896297212024422407e+01 -1.896441018275654145e+01 -1.896561221641043460e+01 -1.896533144416575922e+01 -1.896281262906288845e+01 -1.895825212827673312e+01 -1.895148051207734596e+01 -1.894233389609017237e+01 -1.893103533405555439e+01 -1.891714285140358953e+01 -1.890211825528613332e+01 -1.888662494290509741e+01 -1.887118085780548782e+01 -1.885614242440604471e+01 -1.884212032561084627e+01 -1.882894671244062224e+01 -1.881607564824300027e+01 -1.880454316637183254e+01 -1.879463321213352245e+01 -1.878629634631981915e+01 -1.877347742413645193e+01 -1.876596384508415483e+01 -1.875905158396696137e+01 -1.875072824692690077e+01 -1.874340250723715329e+01 -1.873695601668683608e+01 -1.873153904131519809e+01 -1.872711455524243007e+01 -1.872372206309533738e+01 -1.872149790550611570e+01 -1.872019622000589578e+01 -1.871999104689181337e+01 -1.872067533455738797e+01 -1.872218457342913567e+01 -1.872448133948818949e+01 -1.872753178951204589e+01 -1.873128165388270716e+01 -1.873567812223699391e+01 -1.874064507269196511e+01 -1.874615335380149972e+01 -1.875210034911118839e+01 -1.875845351940345296e+01 -1.876510325426841064e+01 -1.877201051595574199e+01 -1.877910775078047934e+01 -1.878642912154538180e+01 -1.879395709890747668e+01 -1.880142538185272016e+01 -1.880868874240900723e+01 -1.881573455693789398e+01 -1.882246350007013902e+01 -1.882859536516987120e+01 -1.883404381279701312e+01 -1.883869190458378284e+01
-2.153943288793899669e+01 -2.151622732951969041e+01 -2.149310279144943081e+01 -2.147005659834132985e+01 -2.144711286706460385e+01 -2.142426962598004536e+01 -2.140151590471694476e+01 -2.137886527949413917e+01 -2.135632036525719712e+01 -2.133388467722964421e+01 -2.131156237940783527e+01 -2.128934961801171610e+01 -2.126725251469000710e+01 -2.124527717034830587e+01 -2.122342229520582535e+01 -2.120169471797802174e+01 -2.118009430310285168e+01 -2.115862175641422027e+01 -2.113728438664606912e+01 -2.111607749893457608e+01 -2.109500871390027044e+01 -2.107407455271332708e+01 -2.105328252297304559e+01 -2.103262521451467038e+01 -2.101211485577824334e+01 -2.099174058500872420e+01 -2.097151008347810830e+01 -2.095144167510151689e+01 -2.093148019399908932e+01 -2.091168668441190448e+01 -2.089201035773248805e+01 -2.087250645524321868e+01 -2.085312809691426139e+01 -2.083389565515838271e+01 -2.081479793481210550e+01 -2.079585287478715117e+01 -2.077702355010660895e+01 -2.075835392199861218e+01 -2.073980931673003880e+01 -2.072138356633216816e+01 -2.070309360202224269e+01 -2.068495377507765554e+01 -2.066691562885635136e+01 -2.064899650143365761e+01 -2.063121122315888556e+01 -2.061355454425271816e+01 -2.059600490473631851e+01 -2.057856060977994872e+01 -2.056125202309777222e+01 -2.054402895960568998e+01 -2.052692197015576170e+01 -2.050992909642700823e+01 -2.049303521065133893e+01 -2.047624053055428561e+01 -2.045954538632858899e+01 -2.044295019095589794e+01 -2.042644382066816888e+01 -2.041002807048313983e+01 -2.039370464231257074e+01 -2.037747513759643070e+01 -2.036132109261758671e+01 -2.034526530076385242e+01 -2.032928113498224221e+01 -2.031337266693009269e+01 -2.029755222998839770e+01 -2.028179735481824508e+01 -2.026612092229623130e+01 -2.025051103997338231e+01 -2.023497255845015275e+01 -2.021949547023339377e+01 -2.020407829238676456e+01 -2.018872669228804995e+01 -2.017341989481241171e+01 -2.015817144455058951e+01 -2.014296316570980849e+01 -2.012778543660241581e+01 -2.011260778102815294e+01 -2.009734452478207345e+01 -2.008180709546999765e+01 -2.006559750813787346e+01 -2.004803626636051561e+01 -2.002811211614670839e+01 -2.000453153629539926e+01 -1.997592501269257426e+01 -1.994123244462958056e+01 -1.990000876645531491e+01 -1.985272570008815762e+01 -1.980062883860851031e+01 -1.974552443219612741e+01 -1.968932792506987539e+01 -1.963380125263027409e+01 -1.958040769170041528e+01 -1.953014854132619504e+01 -1.948367620614950368e+01 -1.944132742221367494e+01 -1.940319405345628567e+01 -1.936921629170484138e+01 -1.933921038792031766e+01 -1.931291715539562759e+01 -1.929006045265297686e+01 -1.927032505199530377e+01 -1.925338915085580282e+01 -1.923896721897660811e+01 -1.922676225311062481e+01 -1.921652521241775347e+01 -1.920797972100694295e+01 -1.920085251322214859e+01 -1.919492753071214253e+01 -1.919000957115906658e+01 -1.918587231807096671e+01 -1.918229583703281094e+01 -1.917909609061080900e+01 -1.917612166073348590e+01 -1.917316746386832449e+01 -1.917002760692028929e+01 -1.916652776724976803e+01 -1.916251257222706883e+01 -1.915775282333821394e+01 -1.915203887044075515e+01 -1.914514763758216631e+01 -1.913687350917050622e+01
-2.253983912923423460e+01 -2.251464773875886038e+01 -2.248942818231941843e+01 -2.246417441611537669e+01 -2.243891054768192106e+01 -2.241361526330564757e+01 -2.238829792940589414e+01 -2.236296080944059383e+01 -2.233761053068529279e+01 -2.231223032622495595e+01 -2.228682878491936847e+01 -2.226140968514073748e+01 -2.223597339230796166e+01 -2.221051095056436253e+01 -2.218503361592173562e+01 -2.215953005395758169e+01 -2.213400819987372614e+01 -2.210846811738866080e+01 -2.208290429642732278e+01 -2.205731745331092597e+01 -2.203170855682140683e+01 -2.200608344538372663e+01 -2.198042679790436082e+01 -2.195475527952185146e+01 -2.192907596852385055e+01 -2.190333326002461689e+01 -2.187758750458872115e+01 -2.185182938692261345e+01 -2.182602746718203690e+01 -2.180021740603101321e+01 -2.177435478702454574e+01 -2.174848344770832043e+01 -2.172257416772414018e+01 -2.169665272207541662e+01 -2.167070384086003543e+01 -2.164470176478883090e+01 -2.161868632689405700e+01 -2.159264309251405223e+01 -2.156656621443914190e+01 -2.154045674171958780e+01 -2.151430695970633877e+01 -2.148813000213384683e+01 -2.146192921295682865e+01 -2.143567724688258380e+01 -2.140940334674360201e+01 -2.138308358862753167e+01 -2.135673490026980303e+01 -2.133034846037052645e+01 -2.130392332755161533e+01 -2.127746479197551110e+01 -2.125095973129654325e+01 -2.122441867581888530e+01 -2.119784224681303897e+01 -2.117122413525983049e+01 -2.114456565209259509e+01 -2.111786838310766257e+01 -2.109112375618785862e+01 -2.106434161389936577e+01 -2.103752174916518314e+01 -2.101065698919089542e+01 -2.098376080895735996e+01 -2.095679496111234030e+01 -2.092981431362161970e+01 -2.090277740748009805e+01 -2.087569144738434801e+01 -2.084859950196438305e+01 -2.082142589662007381e+01 -2.079422741790158113e+01 -2.076700388960784593e+01 -2.073971390409014148e+01 -2.071239979364004924e+01 -2.068503788362481544e+01 -2.065765628899015738e+01 -2.063022771140303746e+01 -2.060277281895683998e+01 -2.057528166266843428e+01 -2.054772276687364752e+01 -2.052006496605566355e+01 -2.049214412830416876e+01 -2.046365623275064749e+01 -2.043405777974325943e+01 -2.040248032205097317e+01 -2.036781612605641811e+01 -2.032882715728491618e+01 -2.028449805470671663e+01 -2.023420482551582467e+01 -2.017823762600401238e+01 -2.011760070262591071e+01 -2.005385243752947488e+01 -1.998876798968063540e+01 -1.992401531525587899e+01 -1.986106605974307726e+01 -1.980090334369438310e+01 -1.974424521335695459e+01 -1.969143558643876091e+01 -1.964263696938485637e+01 -1.959780742212117843e+01 -1.955679961805992306e+01 -1.951940385181827509e+01 -1.949145681474193026e+01 -1.946725835710281061e+01 -1.944600780690057817e+01 -1.942733746684889695e+01 -1.941092209474389918e+01 -1.939642263184853377e+01 -1.938360851735668433e+01 -1.937212230542002800e+01 -1.936170047632705504e+01 -1.935209892446922453e+01 -1.934314507873021682e+01 -1.933455034898578262e+01 -1.932610400957421959e+01 -1.931762023327627631e+01 -1.930897158172868444e+01 -1.929988496900279316e+01 -1.929017056681349018e+01 -1.927964220733926126e+01 -1.926816957971183797e+01 -1.925548014749614367e+01 -1.924138328602407455e+01 -1.922566554929069582e+01
-2.250725357565046991e+01 -2.248193374570839254e+01 -2.245660252742458241e+01 -2.243125867760932479e+01 -2.240589486421315613e+01 -2.238053100013582508e+01 -2.235514799357385840e+01 -2.232975414692587535e+01 -2.230434324006380820e+01 -2.227891518855725650e+01 -2.225348256258534718e+01 -2.222802322482461079e+01 -2.220255933001335080e+01 -2.217707387535991259e+01 -2.215157070142441498e+01 -2.212605776150541459e+01 -2.210051875168026569e+01 -2.207496652400445569e+01 -2.204939664128764676e+01 -2.202380597309523935e+01 -2.199817978296167098e+01 -2.197256884223309470e+01 -2.194692155651658183e+01 -2.192125326572639210e+01 -2.189554703267770819e+01 -2.186982711110746536e+01 -2.184411764191818506e+01 -2.181835646216065072e+01 -2.179255414601574969e+01 -2.176674999045890146e+01 -2.174090807136778380e+01 -2.171505067859632732e+01 -2.168917928498171932e+01 -2.166326016650815589e+01 -2.163731022927383663e+01 -2.161134828297317512e+01 -2.158534413709194055e+01 -2.155931126812784271e+01 -2.153325097453518566e+01 -2.150716979432131026e+01 -2.148103883555023685e+01 -2.145489089766363122e+01 -2.142869887443373145e+01 -2.140246935072426737e+01 -2.137622367193936412e+01 -2.134992571773398140e+01 -2.132359906630696145e+01 -2.129723353230488314e+01 -2.127083521030722935e+01 -2.124439952223401562e+01 -2.121792888961432055e+01 -2.119141095698930854e+01 -2.116486136477383084e+01 -2.113826849882241277e+01 -2.111163514179176914e+01 -2.108496442831263451e+01 -2.105825011870556196e+01 -2.103149837251520538e+01 -2.100470272142831618e+01 -2.097786042960160913e+01 -2.095097590208495220e+01 -2.092405177535596650e+01 -2.089712056513062066e+01 -2.087008464249557704e+01 -2.084305731514777449e+01 -2.081596192137311263e+01 -2.078882604327150574e+01 -2.076167784362444735e+01 -2.073445110087967436e+01 -2.070721246480167110e+01 -2.067991605728430571e+01 -2.065259191628774715e+01 -2.062523332971479917e+01 -2.059782462496849575e+01 -2.057039304729671514e+01 -2.054292085193967310e+01 -2.051542970078259032e+01 -2.048790288511898794e+01 -2.046034689895131820e+01 -2.043277359844738683e+01 -2.040518772400599445e+01 -2.037757872602432840e+01 -2.034995488165179367e+01 -2.032233830772748462e+01 -2.029471801621911453e+01 -2.026709985861332086e+01 -2.023950212477347321e+01 -2.021193066495045443e+01 -2.018438905000285288e+01 -2.015689185800039240e+01 -2.012944394271734794e+01 -2.010206516345465744e+01 -2.007476012498818818e+01 -2.004755629451364740e+01 -2.002046528256982327e+01 -1.999349117222471151e+01 -1.996657624451304969e+01 -1.993975557310177393e+01 -1.991303542612294919e+01 -1.988645772004603529e+01 -1.985999504938055082e+01 -1.983368831934040699e+01 -1.980754406148802360e+01 -1.978156953638076843e+01 -1.975582187497745679e+01 -1.973034698337902881e+01 -1.970515916356110964e+01 -1.968014472633206680e+01 -1.965525414627481382e+01 -1.963050583788190195e+01 -1.960586364735811316e+01 -1.958116859633869211e+01 -1.955637720584299544e+01 -1.953146067705705136e+01 -1.950636074032133749e+01 -1.948082853617833976e+01 -1.945476712825303522e+01 -1.942805836492553695e+01 -1.940058639420936260e+01 -1.937211207481068698e+01 -1.934246611244201475e+01
