-2.083911148385502443e+01 -2.082599837359757444e+01 -2.081428790012999386e+01 -2.080382381496002608e+01 -2.079447084893820019e+01 -2.078613706961317931e+01 -2.077869010970307073e+01 -2.077203620853314092e+01 -2.076609054651222053e+01 -2.076080065794569762e+01 -2.075609422978248020e+01 -2.075187954011639846e+01 -2.074809422952787230e+01 -2.074465511851424182e+01 -2.074133877667439663e+01 -2.073754891026957026e+01 -2.073151563615327930e+01 -2.072042430387327983e+01 -2.069838410218047997e+01 -2.065649293788557372e+01 -2.058465932746759464e+01 -2.047659173839106472e+01 -2.033438149056105715e+01 -2.016775302029265049e+01 -1.998876798968063540e+01 -1.980732106046545837e+01 -1.963002386512757269e+01 -1.946054750845053860e+01 -1.930077817788457750e+01 -1.915146604844269262e+01 -1.901272262951156833e+01 -1.888428966198761927e+01 -1.876578652516140622e+01 -1.865663079977246852e+01 -1.855626775859840194e+01 -1.846413647928754642e+01 -1.837964529062716679e+01 -1.830224772583224535e+01 -1.823142849074572069e+01 -1.816668073497270797e+01 -1.810754363595424010e+01 -1.805358703943348075e+01 -1.800441306302591116e+01 -1.795967462080027488e+01 -1.791897691354866495e+01 -1.788206616496036006e+01 -1.784859950196438305e+01 -1.781838504827103975e+01 -1.779115571065926105e+01 -1.776669922843652927e+01 -1.774479988334288194e+01 -1.772533423091861238e+01 -1.770812077608530188e+01 -1.769303913711680565e+01 -1.767995762452035535e+01 -1.766881573341391487e+01 -1.765951622537428278e+01 -1.765198736157780601e+01 -1.764623759693279936e+01 -1.764219850949713120e+01 -1.763989909124303779e+01 -1.763934979488024979e+01 -1.764058194434268501e+01 -1.764362990479183679e+01 -1.764855157709088473e+01 -1.765541125742128514e+01 -1.766432149764343507e+01 -1.767530608613822452e+01 -1.768845804159880331e+01 -1.770383958646274181e+01 -1.772149790550611570e+01 -1.774150638860608709e+01 -1.776384076942033730e+01 -1.778853237556085887e+01 -1.781556411169162857e+01 -1.784487660628928651e+01 -1.787163304606191616e+01 -1.790315947966860932e+01 -1.793745561865353366e+01 -1.797330334402183993e+01 -1.801051903528043852e+01 -1.804883254029910589e+01 -1.808802785428909132e+01 -1.812787287551051207e+01 -1.816811743372874943e+01 -1.820853392314280939e+01 -1.824889803804423849e+01 -1.828898618810947596e+01 -1.832862348482478865e+01 -1.836762370268345279e+01 -1.840585063420171963e+01 -1.844319111766900221e+01 -1.847955577170576191e+01 -1.851486086153573396e+01 -1.854908917397127865e+01 -1.858219627736011859e+01 -1.861421504115666536e+01 -1.864516194441536001e+01 -1.867503884696264649e+01 -1.870394939821126101e+01 -1.873189027019152064e+01 -1.875895184932835491e+01 -1.878520911792369574e+01 -1.881070624411430714e+01 -1.883549843869043272e+01 -1.885968054832987306e+01 -1.888329265860691208e+01 -1.890640323139177070e+01 -1.892903908419906500e+01 -1.895128636191903126e+01 -1.897318084075877209e+01 -1.899473366702722998e+01 -1.901603110266623986e+01 -1.903707217136550867e+01 -1.905790261558660958e+01 -1.907854243462021060e+01 -1.909902146566694014e+01 -1.911935787359571393e+01 -1.913956615970391795e+01 -1.915966175812292605e+01 -1.917966715510058862e+01
-1.957139551452804582e+01 -1.957683607614965027e+01 -1.958437569839958670e+01 -1.959381762119557280e+01 -1.960493583566875841e+01 -1.961756868316425084e+01 -1.963152716155963873e+01 -1.964669940767927159e+01 -1.966292028819906790e+01 -1.968010314118511062e+01 -1.969810228280479336e+01 -1.971687976504022544e+01 -1.973631659944280869e+01 -1.975634197336130526e+01 -1.977684165753965573e+01 -1.979617869748345171e+01 -1.981499644350819622e+01 -1.983197419122537042e+01 -1.984420864764238246e+01 -1.984758933637042233e+01 -1.983212169470194652e+01 -1.978730645757897477e+01 -1.970577634102341591e+01 -1.959010067521978726e+01 -1.944839144029464606e+01 -1.929312013405896309e+01 -1.913484862882036452e+01 -1.898142431653274897e+01 -1.883597447571215966e+01 -1.870055807919790780e+01 -1.857593547458251138e+01 -1.846131318339550020e+01 -1.835710041398669645e+01 -1.826281531147949266e+01 -1.817783192063198427e+01 -1.809909238825742861e+01 -1.802813064999849502e+01 -1.796425016268034014e+01 -1.790675346889615938e+01 -1.785260196065234695e+01 -1.780354745829660956e+01 -1.775902664815999543e+01 -1.771848939850734439e+01 -1.768033190878532324e+01 -1.764525787657583322e+01 -1.761285943053469794e+01 -1.758276087853261771e+01 -1.755547118868286560e+01 -1.752986893522548328e+01 -1.750566448763613536e+01 -1.748264572564935193e+01 -1.747386757876167351e+01 -1.746599929202463031e+01 -1.745878281900219520e+01 -1.745205308732109373e+01 -1.744563199900991179e+01 -1.743935223752168540e+01 -1.743310311762135001e+01 -1.742675696781587646e+01 -1.742022783233572625e+01 -1.741342394662637005e+01 -1.740628206908046494e+01 -1.739876595308355434e+01 -1.739080058350951319e+01 -1.738238117739216904e+01 -1.737346460325106179e+01 -1.736404401371672890e+01 -1.735411616965798132e+01 -1.734367176912484965e+01 -1.733271519364963353e+01 -1.732125406293429393e+01 -1.730929901388101300e+01 -1.729687205055115840e+01 -1.728397995305249779e+01 -1.727064079361433002e+01 -1.725688237478525977e+01 -1.724271787455559490e+01 -1.722817008733954580e+01 -1.721326277071647581e+01 -1.719801350533566620e+01 -1.718244785117362383e+01 -1.716658512383217072e+01 -1.715043932526008774e+01 -1.713403776483387020e+01 -1.711739578229406433e+01 -1.710052422569295771e+01 -1.708345130662581113e+01 -1.706617876789654531e+01 -1.704873535551953267e+01 -1.703112496250819063e+01 -1.701336260438984738e+01 -1.699546368214867798e+01 -1.697744791581498802e+01 -1.695927901639880631e+01 -1.694104282122269112e+01 -1.692266843887101047e+01 -1.690423804052250034e+01 -1.688572270343841453e+01 -1.686710023005551662e+01 -1.684844629545702333e+01 -1.682970894137460505e+01 -1.681090289092858114e+01 -1.679206956248702909e+01 -1.677316818934128051e+01 -1.675421598292247438e+01 -1.673525299164647251e+01 -1.671622402128847540e+01 -1.669717141173974539e+01 -1.667809102645249197e+01 -1.665898117244395493e+01 -1.663984223525265804e+01 -1.662067634924668624e+01 -1.660150444986186358e+01 -1.658229585954007135e+01 -1.656307442877200131e+01 -1.654384661062530526e+01 -1.652459033858703208e+01 -1.650533068241343670e+01 -1.648605031190322379e+01 -1.646676192593970356e+01 -1.644746562073490637e+01
-2.394900192082661761e+01 -2.393103533405555439e+01 -2.391303542612294919e+01 -2.389503515447217552e+01 -2.387699818669397445e+01 -2.385898944665767729e+01 -2.384097450877509417e+01 -2.382295434253786226e+01 -2.380493100353141145e+01 -2.378685427525716634e+01 -2.376868335709049873e+01 -2.374923855202031220e+01 -2.371960376193985809e+01 -2.363189914829064975e+01 -2.335832762677531349e+01 -2.287195632617354235e+01 -2.232578205442329988e+01 -2.181256389022629349e+01 -2.135409653964162047e+01 -2.095124754230051067e+01 -2.058158269130122520e+01 -2.025355263457010224e+01 -1.996377045591370702e+01 -1.970767746008508325e+01 -1.948110457499330650e+01 -1.928038701026902757e+01 -1.909014990535711576e+01 -1.891793306571488742e+01 -1.876298437125483787e+01 -1.862351429086522359e+01 -1.849794177724289312e+01 -1.838497630884625877e+01 -1.828352920627419920e+01 -1.819265442517151143e+01 -1.810659336198241220e+01 -1.802965312376990781e+01 -1.796145931366254089e+01 -1.790135627418294462e+01 -1.784872210609587739e+01 -1.780299527197695397e+01 -1.776012518034696441e+01 -1.772257416772414018e+01 -1.769013571729064083e+01 -1.766224132850658179e+01 -1.763840436068176487e+01 -1.761816320000165703e+01 -1.760008411008369578e+01 -1.758459257454986258e+01 -1.757141170233138538e+01 -1.756016223911830565e+01 -1.755050617321873929e+01 -1.754210297131771767e+01 -1.753467664502155543e+01 -1.752794600855029472e+01 -1.752676126914304788e+01 -1.752639626056404865e+01 -1.752632329564697145e+01 -1.752630870413448250e+01 -1.752619198968016434e+01 -1.752581288418254957e+01 -1.753185952573936035e+01 -1.753829142993563295e+01 -1.754436346505239541e+01 -1.754992033037831334e+01 -1.755486303128669689e+01 -1.755905944846033506e+01 -1.757050611327125722e+01 -1.758239546455910229e+01 -1.759369832122922617e+01 -1.760435914130388113e+01 -1.761423290637322481e+01 -1.762327708613421606e+01 -1.763137845603450771e+01 -1.763846102873072041e+01 -1.765272854519039569e+01 -1.766689545960140961e+01 -1.768029030571201687e+01 -1.769284639812416415e+01 -1.770449887383037790e+01 -1.771518590261876724e+01 -1.773118809626021886e+01 -1.774709844720765517e+01 -1.776225524612481621e+01 -1.777660790755122733e+01 -1.779008304699100762e+01 -1.780260915886670148e+01 -1.782570754489729126e+01 -1.785013454697373803e+01 -1.787461633953229168e+01 -1.789911274514640738e+01 -1.792365088250654281e+01 -1.794819170568290900e+01 -1.797277274593274399e+01 -1.799735885099995869e+01 -1.802197934746495633e+01 -1.804660277412331126e+01 -1.807124068068038270e+01 -1.809589061829578682e+01 -1.812054856914867074e+01 -1.814521437324854958e+01 -1.816989272188537541e+01 -1.819457390945559894e+01 -1.821925796402699049e+01 -1.824394993804072129e+01 -1.826865302445404637e+01 -1.829335048149266640e+01 -1.831805360687532058e+01 -1.834276243196707412e+01 -1.836747184969460633e+01 -1.839218053684033904e+01 -1.841690329155748529e+01 -1.844161547162497072e+01 -1.846631689342087768e+01 -1.849102611388470763e+01 -1.851574288024423609e+01 -1.854045674171958780e+01 -1.856515974670242741e+01 -1.858984725017793238e+01 -1.861453672754947419e+01 -1.863923623404584617e+01 -1.866390065991491554e+01
-2.354649819399998378e+01 -2.352885503483936702e+01 -2.351132239780542221e+01 -2.349387395675753609e+01 -2.347652667847125230e+01 -2.345927020764935733e+01 -2.344209597894243302e+01 -2.342499700056647072e+01 -2.340796766119844463e+01 -2.339101424276746144e+01 -2.337411161613715294e+01 -2.335726845591826617e+01 -2.334047360443662100e+01 -2.332359906630696145e+01 -2.330560541915101780e+01 -2.327844492729668247e+01 -2.320006700838415270e+01 -2.295837049152486387e+01 -2.251075890947582536e+01 -2.198707845445543896e+01 -2.148392759140705977e+01 -2.102780179165075225e+01 -2.062105730138656412e+01 -2.026034855629062292e+01 -1.994127037924828016e+01 -1.965840721925470547e+01 -1.940856806841191329e+01 -1.918818378641318034e+01 -1.899391921728390642e+01 -1.882280991951039084e+01 -1.867215084509479084e+01 -1.853929755857454609e+01 -1.842223254513485742e+01 -1.831905744276378911e+01 -1.822805259335478567e+01 -1.814773964899304559e+01 -1.807683372600374128e+01 -1.801425477106899109e+01 -1.795908134925147692e+01 -1.791066019222896699e+01 -1.786802865471894464e+01 -1.783059010185930049e+01 -1.779789328860976383e+01 -1.776949998815852894e+01 -1.774501712110409457e+01 -1.772402101353285175e+01 -1.770610733294699202e+01 -1.769092369817767008e+01 -1.767819451614246162e+01 -1.766762214354267257e+01 -1.765892176278855530e+01 -1.765431267110115243e+01 -1.765144203456354433e+01 -1.764979075969005251e+01 -1.764911264365628796e+01 -1.764920945257354390e+01 -1.764986832612746070e+01 -1.765085851448036536e+01 -1.765204583010598327e+01 -1.765890196137594970e+01 -1.766625053751802810e+01 -1.767360268665288814e+01 -1.768076898183972645e+01 -1.768763220528402513e+01 -1.769404705503949415e+01 -1.770577634102341591e+01 -1.771771784368090508e+01 -1.772922802757316418e+01 -1.774021505446692970e+01 -1.775058149276401309e+01 -1.776020018155290003e+01 -1.777585556782871024e+01 -1.779185436546465127e+01 -1.780740467243078839e+01 -1.782234808830174444e+01 -1.783668951103631528e+01 -1.785028835031206995e+01 -1.786308927251862499e+01 -1.787500697997410626e+01 -1.789251868108875598e+01 -1.790991838196118024e+01 -1.792672166436416603e+01 -1.794286663275091342e+01 -1.795825212827673312e+01 -1.797285433422565859e+01 -1.799144240821575380e+01 -1.800987879104452105e+01 -1.802774160511292934e+01 -1.804495237975515565e+01 -1.806145525858077150e+01 -1.807718634300403693e+01 -1.810085279278233372e+01 -1.812550078767631589e+01 -1.815016307797447226e+01 -1.817484661909785260e+01 -1.819955100261808312e+01 -1.822425851894357862e+01 -1.824898278369258975e+01 -1.827372116862843399e+01 -1.829846655265786737e+01 -1.832321496958079621e+01 -1.834796650576967636e+01 -1.837272633834191282e+01 -1.839749508481262907e+01 -1.842226699244654853e+01 -1.844703991930564868e+01 -1.847180343760458854e+01 -1.849657705726276546e+01 -1.852134694270466397e+01 -1.854611622201287702e+01 -1.857089399166730459e+01 -1.859564529727457227e+01 -1.862040444501890235e+01 -1.864516194441536001e+01 -1.866991105425151787e+01 -1.869462713135870402e+01 -1.871935334970380538e+01 -1.874405245060106040e+01 -1.876873435156973358e+01 -1.879338997610077655e+01 -1.881804213906893253e+01
-2.327188981589965877e+01 -2.325369281246638664e+01 -2.323567439437401561e+01 -2.321782130487633822e+01 -2.320013585549862611e+01 -2.318261314430800724e+01 -2.316524877332357590e+01 -2.314803267873611858e+01 -2.313097373841318216e+01 -2.311405671796147487e+01 -2.309727388703017326e+01 -2.308062898846522515e+01 -2.306410999822639241e+01 -2.304770653169119754e+01 -2.303141899602050913e+01 -2.301523872571713270e+01 -2.299917562339439314e+01 -2.298317550633251116e+01 -2.296726039479050741e+01 -2.295144167510151689e+01 -2.293565434283782878e+01 -2.291995103242114951e+01 -2.290430771716020786e+01 -2.288870387351773772e+01 -2.287312213116473458e+01 -2.285757924578043898e+01 -2.284202975639528788e+01 -2.282652235654700590e+01 -2.281101530052721671e+01 -2.279547305700015869e+01 -2.277991807506618471e+01 -2.276437056611794674e+01 -2.274875123769415453e+01 -2.273311006752894770e+01 -2.271742319929078135e+01 -2.270167101192650350e+01 -2.268571133905250292e+01 -2.266867394942490677e+01 -2.264617990510258849e+01 -2.260055127018576826e+01 -2.248509380352669851e+01 -2.222036743926979696e+01 -2.184927425341380669e+01 -2.144740478069139300e+01 -2.106099521671514907e+01 -2.070590870752303658e+01 -2.038519766448422033e+01 -2.009761631556752803e+01 -1.984040273201259197e+01 -1.961024934116249341e+01 -1.940511045035396620e+01 -1.922254417727800657e+01 -1.906025118109852912e+01 -1.891570977146307087e+01 -1.878754603895972508e+01 -1.867419709125638860e+01 -1.857387929125338388e+01 -1.848538584653201511e+01 -1.840700208101189261e+01 -1.833810216702948992e+01 -1.827776107020092056e+01 -1.822508906340728885e+01 -1.817891245935071964e+01 -1.813863288746035707e+01 -1.810377701266659045e+01 -1.807369357455265302e+01 -1.804756598566657999e+01 -1.802437521460158010e+01 -1.800376860825690528e+01 -1.798632030270880833e+01 -1.797167280153243141e+01 -1.795963504413994016e+01 -1.794985234197969604e+01 -1.794218180556790188e+01 -1.793636645476921387e+01 -1.793211119331460068e+01 -1.792926043715080198e+01 -1.792778687739661692e+01 -1.792760303347823836e+01 -1.792841252948502273e+01 -1.793022093911848458e+01 -1.793300357955030577e+01 -1.793666664104825159e+01 -1.794111866065043870e+01 -1.794634544170925139e+01 -1.795233580539844098e+01 -1.795896279213297220e+01 -1.796625466398602455e+01 -1.797416183577029969e+01 -1.798263271644647077e+01 -1.799165537074730992e+01 -1.800119160011910679e+01 -1.801121815654635938e+01 -1.802170533022136922e+01 -1.803263926003404904e+01 -1.804398532930032673e+01 -1.805573452939569634e+01 -1.806785614028303755e+01 -1.808033626673893224e+01 -1.809315875603090262e+01 -1.810630480158413746e+01 -1.811975822410451897e+01 -1.813351180924003003e+01 -1.814753830567346427e+01 -1.816183751112054878e+01 -1.817638233387951630e+01 -1.819118157490787624e+01 -1.820620263313891130e+01 -1.822145082869385035e+01 -1.823690908983435932e+01 -1.825257265412742314e+01 -1.826841929229954431e+01 -1.828446461013530211e+01 -1.830067402011885491e+01 -1.831705208592099510e+01 -1.833359435150986627e+01 -1.835029527214444656e+01 -1.836712784603333048e+01 -1.838411304655644685e+01 -1.840122043278226727e+01 -1.841844854210953031e+01
-2.274586296911453331e+01 -2.256027267235620926e+01 -2.235499060485842193e+01 -2.214850927416063087e+01 -2.195233580539844098e+01 -2.177190776084301760e+01 -2.160901193338409954e+01 -2.146359308193378368e+01 -2.133470988669364132e+01 -2.122106049708702358e+01 -2.112121977278518514e+01 -2.103380662450127758e+01 -2.095750324256626484e+01 -2.089102928312052043e+01 -2.083330352952039988e+01 -2.078330640083024505e+01 -2.074007180962524544e+01 -2.070276489815769594e+01 -2.067062246277727411e+01 -2.064296133318054416e+01 -2.061915587353533397e+01 -2.059866840032216473e+01 -2.058096997091473668e+01 -2.056563871279968581e+01 -2.055225296859204320e+01 -2.054048689163677111e+01 -2.053000135778125212e+01 -2.052055426335656563e+01 -2.051190073310559470e+01 -2.050381787074273277e+01 -2.049616847612195869e+01 -2.048881206668277599e+01 -2.048163084908224718e+01 -2.047447578912759880e+01 -2.046704189426193210e+01 -2.046527602814459712e+01 -2.047380292562980486e+01 -2.047583764186443034e+01 -2.046500986584124959e+01 -2.043315021220560013e+01 -2.037355697466870552e+01 -2.028540203306273071e+01 -2.017441162014102929e+01 -2.005278200840259828e+01 -1.992492773729388134e+01 -1.979729377300964188e+01 -1.967341838155347489e+01 -1.955417792583830305e+01 -1.943954337774896857e+01 -1.932873456705284099e+01 -1.922183427337489547e+01 -1.911738440066576317e+01 -1.901597252534905635e+01 -1.891793306571488742e+01 -1.882419836715171968e+01 -1.873518217699046318e+01 -1.865111127692856030e+01 -1.857240030107513107e+01 -1.849935193662808786e+01 -1.843225628721906162e+01 -1.837082494245959197e+01 -1.831439260005382863e+01 -1.826317340063495109e+01 -1.821703316342188472e+01 -1.817587416608344952e+01 -1.813895571632817649e+01 -1.810604969634040273e+01 -1.807677152918317987e+01 -1.805057095740324868e+01 -1.802742229303841270e+01 -1.800716381886575590e+01 -1.798953043020360809e+01 -1.797420275868971018e+01 -1.796110178788546818e+01 -1.794996843763159688e+01 -1.794070170759192706e+01 -1.793318972437416647e+01 -1.792723557894925079e+01 -1.792277748958894534e+01 -1.791969827320608744e+01 -1.791782522451533310e+01 -1.791692758771546323e+01 -1.791714285140358953e+01 -1.791843667901961368e+01 -1.792071019390133912e+01 -1.792397885821645431e+01 -1.792808118963619535e+01 -1.793289193094043554e+01 -1.793850982337518474e+01 -1.794488936214585451e+01 -1.795194682688439158e+01 -1.795967462080027488e+01 -1.796802631090828228e+01 -1.797695341592449481e+01 -1.798644656945832310e+01 -1.799645330689786960e+01 -1.800696959450942103e+01 -1.801794144236594519e+01 -1.802935563631455196e+01 -1.804117819665846412e+01 -1.805337581984495898e+01 -1.806593100556904119e+01 -1.807884436422291685e+01 -1.809208368930893229e+01 -1.810564516275351465e+01 -1.811950653213462203e+01 -1.813365357725039928e+01 -1.814806932135973128e+01 -1.816273993170276313e+01 -1.817765536087872746e+01 -1.819280333928905335e+01 -1.820816203858202798e+01 -1.822372751204914820e+01 -1.823948704798321074e+01 -1.825544104406095869e+01 -1.827157316523841502e+01 -1.828787243882774050e+01 -1.830433448774406457e+01 -1.832094477524193366e+01 -1.833770503292300091e+01 -1.835458755642907036e+01
-2.223455498190984869e+01 -2.202511542546540468e+01 -2.182203086399062286e+01 -2.163189914829064975e+01 -2.145732392633463093e+01 -2.130089972685875566e+01 -2.115990018152040975e+01 -2.103318738990387615e+01 -2.091948173947288225e+01 -2.082387978894391622e+01 -2.073914186802885951e+01 -2.066406093096827234e+01 -2.059749788733578058e+01 -2.054475912212904376e+01 -2.049907776080970123e+01 -2.045954538632858899e+01 -2.042533223368377193e+01 -2.039900533571186259e+01 -2.037628564318403335e+01 -2.035590622554186169e+01 -2.033635560251661545e+01 -2.031707912370976032e+01 -2.029511198075277534e+01 -2.026908051541208877e+01 -2.023833522232158799e+01 -2.020327306614910512e+01 -2.016388485172971912e+01 -2.012173104206717866e+01 -2.007865172971902723e+01 -2.003441734094061744e+01 -1.999182581599357533e+01 -1.995214127259254155e+01 -1.991606759836137286e+01 -1.988193377828599040e+01 -1.985152074183684690e+01 -1.982434325271833586e+01 -1.979931362403038264e+01 -1.977422565185607084e+01 -1.974610494286823226e+01 -1.971163897252704800e+01 -1.966778379412171418e+01 -1.961205875629330109e+01 -1.954542951789799687e+01 -1.947046698767676176e+01 -1.939075786426866799e+01 -1.930988369567227636e+01 -1.923071131449604465e+01 -1.915506329932961194e+01 -1.908371980399566326e+01 -1.901663084802129333e+01 -1.895311480916229030e+01 -1.889201035773248805e+01 -1.883218071012286998e+01 -1.877249893502856892e+01 -1.871226543420351263e+01 -1.865118907959482186e+01 -1.858957709303262362e+01 -1.852803389572693860e+01 -1.846736025931343050e+01 -1.840842345005571090e+01 -1.835200123800475680e+01 -1.829867383664011982e+01 -1.824886722554440155e+01 -1.820283636980069275e+01 -1.816066653201565728e+01 -1.812234075588839133e+01 -1.808775668110034829e+01 -1.805675782411520558e+01 -1.802913729866428483e+01 -1.800468955094531154e+01 -1.798317550633251116e+01 -1.796441018275654145e+01 -1.794815316168626396e+01 -1.793419628742497807e+01 -1.792237777075548166e+01 -1.791250252759573769e+01 -1.790444710398059769e+01 -1.789804682252280088e+01 -1.789316341263320709e+01 -1.788971339159643392e+01 -1.788759610728212479e+01 -1.788672530753564871e+01 -1.788695958191217983e+01 -1.788830072242645031e+01 -1.789062396859562298e+01 -1.789391114161755780e+01 -1.789804682252280088e+01 -1.790305524482305799e+01 -1.790882563929311999e+01 -1.791531650209675064e+01 -1.792252308049565812e+01 -1.793036889737965822e+01 -1.793884921907145014e+01 -1.794788344945000347e+01 -1.795750324256626484e+01 -1.796762302879006512e+01 -1.797823202731759196e+01 -1.798927613460822528e+01 -1.800078243446989745e+01 -1.801269579802250220e+01 -1.802499580285590497e+01 -1.803766855426909643e+01 -1.805068807578642165e+01 -1.806403449807578454e+01 -1.807770022424496048e+01 -1.809165440666651747e+01 -1.810589448822248571e+01 -1.812039955355460563e+01 -1.813515679882127429e+01 -1.815015080439474104e+01 -1.816537586778525437e+01 -1.818081812740690850e+01 -1.819646094972594952e+01 -1.821229163038998422e+01 -1.822831699953481532e+01 -1.824450627158488203e+01 -1.826086295918113578e+01 -1.827737430281835884e+01 -1.829402516358244668e+01 -1.831080661283682431e+01 -1.832771737521107980e+01
-2.265396014343019360e+01 -2.263425001989511287e+01 -2.261460824578461271e+01 -2.259502951925299641e+01 -2.257551038489268080e+01 -2.255606457257757569e+01 -2.253667450156326524e+01 -2.251734075931666368e+01 -2.249807848540377719e+01 -2.247886191629596198e+01 -2.245970807390565582e+01 -2.244059615536789920e+01 -2.242154417206015893e+01 -2.240254615583224407e+01 -2.238358750802103003e+01 -2.236462685150956631e+01 -2.234540958304840075e+01 -2.232483596875922061e+01 -2.229914058764579465e+01 -2.225806878999572547e+01 -2.218129255739077266e+01 -2.204500054799480679e+01 -2.184423898712207546e+01 -2.160197314111631428e+01 -2.134858629017762865e+01 -2.110438410887689287e+01 -2.087883425246558744e+01 -2.067503884696264649e+01 -2.049310279144943081e+01 -2.033188443653969557e+01 -2.018981454432836031e+01 -2.006509774167768612e+01 -1.995542104512338710e+01 -1.985917781989068942e+01 -1.977422565185607084e+01 -1.969810228280479336e+01 -1.962891365750520478e+01 -1.956270933534295153e+01 -1.949486359359471521e+01 -1.942322111985682298e+01 -1.934790844630363438e+01 -1.927005806518741338e+01 -1.919101973105696501e+01 -1.911328372588352309e+01 -1.903806659833929515e+01 -1.896661645882688063e+01 -1.889983631103395467e+01 -1.883866195014145717e+01 -1.878362294201182792e+01 -1.873428618935997747e+01 -1.869002934295893326e+01 -1.864986832612746070e+01 -1.861357238231904887e+01 -1.858017637639166963e+01 -1.854813684077938873e+01 -1.851641270303110431e+01 -1.848420560766798104e+01 -1.845325997479072555e+01 -1.842115457776515441e+01 -1.838792642452892778e+01 -1.835385123927140683e+01 -1.831957382914185573e+01 -1.828617357561947543e+01 -1.825458165805656918e+01 -1.822440411366213198e+01 -1.819602422593133895e+01 -1.816973861884007135e+01 -1.814573040402032333e+01 -1.812412302950696841e+01 -1.810493675192646634e+01 -1.808815020350057878e+01 -1.807392521063574975e+01 -1.806192079672037210e+01 -1.805195888684573191e+01 -1.804391324762726967e+01 -1.803764487266976602e+01 -1.803303740529839772e+01 -1.802996477443193513e+01 -1.802830212563372214e+01 -1.802787587884171217e+01 -1.802866383677226025e+01 -1.803057942785898149e+01 -1.803352973627071520e+01 -1.803744126420403759e+01 -1.804223472935300521e+01 -1.804784712321393059e+01 -1.805423115629034925e+01 -1.806133019897731984e+01 -1.806909679364551735e+01 -1.807748733097075444e+01 -1.808646694090121798e+01 -1.809601520309497857e+01 -1.810608296244057769e+01 -1.811663387193021535e+01 -1.812763974419878465e+01 -1.813906936135876080e+01 -1.815090012824229149e+01 -1.816310648362356517e+01 -1.817566585887547603e+01 -1.818855905632584324e+01 -1.820177073480229879e+01 -1.821528288102904369e+01 -1.822907438536100244e+01 -1.824312817414212873e+01 -1.825743196563385951e+01 -1.827197104557948037e+01 -1.828673632371418023e+01 -1.830170802405550745e+01 -1.831687187700042330e+01 -1.833222961449310873e+01 -1.834776333158728434e+01 -1.836345192844178698e+01 -1.837930191312134198e+01 -1.839528806827237872e+01 -1.841141459369368505e+01 -1.842766288555105447e+01 -1.844401126967817106e+01 -1.846047226902866001e+01 -1.847700835283097831e+01 -1.849363028290449762e+01 -1.851030864462353875e+01
-2.091207667907470125e+01 -2.072140643175886510e+01 -2.054625369322960893e+01 -2.038481826672298070e+01 -2.023551750282450001e+01 -2.010266986973340764e+01 -1.997814942256567505e+01 -1.986090839247617623e+01 -1.975021482416774887e+01 -1.966502380134565797e+01 -1.958449246440721581e+01 -1.950824621722785324e+01 -1.943610380412497562e+01 -1.939078990330535390e+01 -1.934997432535173800e+01 -1.931335479472918948e+01 -1.928063556203103346e+01 -1.926678667994132255e+01 -1.925802945279635381e+01 -1.925419938745493553e+01 -1.925516741855364700e+01 -1.926334061000421727e+01 -1.927660179984627575e+01 -1.929499204066666351e+01 -1.931840604163137343e+01 -1.933725160960543832e+01 -1.935972731305637140e+01 -1.938588352881821564e+01 -1.941580451386826667e+01 -1.943417578492886477e+01 -1.945402525160884011e+01 -1.947529238820598607e+01 -1.949781877668075936e+01 -1.950730943885045932e+01 -1.951567168326020507e+01 -1.952173660630183960e+01 -1.952354517454569560e+01 -1.951073075424197967e+01 -1.948861134824231200e+01 -1.945469288353417525e+01 -1.940763445995308345e+01 -1.934236101538391850e+01 -1.926858853405308025e+01 -1.918968009407516107e+01 -1.910906506283675910e+01 -1.902969962459782138e+01 -1.895377806277836186e+01 -1.888269555335899597e+01 -1.881732861332451989e+01 -1.875793088766106109e+01 -1.870447688145250709e+01 -1.865661110253764576e+01 -1.861371511323214278e+01 -1.857506938555012255e+01 -1.853977892135531746e+01 -1.850696041168234984e+01 -1.847569477115507652e+01 -1.844522019619620679e+01 -1.841495684509405706e+01 -1.838456551889059298e+01 -1.835392972031646153e+01 -1.832318754709474007e+01 -1.829260868786913363e+01 -1.826255290028965206e+01 -1.823341614592471061e+01 -1.820556075321524503e+01 -1.817930605002661437e+01 -1.815488334776392065e+01 -1.813245002170225462e+01 -1.811210713387455584e+01 -1.809386976069944808e+01 -1.807773138811379354e+01 -1.806364210873380571e+01 -1.805151367986231747e+01 -1.804124982577275915e+01 -1.803275164054493729e+01 -1.802590299620586833e+01 -1.802059277117450620e+01 -1.801671659357957722e+01 -1.801416951014160617e+01 -1.801284786505032187e+01 -1.801266896819102925e+01 -1.801354178726269240e+01 -1.801538718631496749e+01 -1.801814063717824510e+01 -1.802172815838936515e+01 -1.802609204141833033e+01 -1.803118095354570727e+01 -1.803693975297553820e+01 -1.804331783025548219e+01 -1.805028317556559614e+01 -1.805778353564109295e+01 -1.806578949053220029e+01 -1.807426001435181462e+01 -1.808317245572318654e+01 -1.809248652752822295e+01 -1.810218054237153140e+01 -1.811223083566210335e+01 -1.812260561524627178e+01 -1.813328743782514252e+01 -1.814425073528580512e+01 -1.815548554735786269e+01 -1.816696131580918916e+01 -1.817866336962383755e+01 -1.819058170659145190e+01 -1.820269090187707306e+01 -1.821498353961668570e+01 -1.822743627089693774e+01 -1.824005278612681025e+01 -1.825279800935458141e+01 -1.826568031914099421e+01 -1.827867586919735388e+01 -1.829177461888135880e+01 -1.830497387107767437e+01 -1.831824334389649067e+01 -1.833159544446182210e+01 -1.834500571338330488e+01 -1.835845648724768253e+01 -1.837194841782882904e+01 -1.838546133028994589e+01 -1.839898356820155101e+01
-2.229073852142110468e+01 -2.212319925631459583e+01 -2.188920833922889386e+01 -2.162156575793792257e+01 -2.135202077353990902e+01 -2.109822029974660751e+01 -2.086706825078508487e+01 -2.066011150277625319e+01 -2.047655270126962535e+01 -2.031475103975799001e+01 -2.017278585982223049e+01 -2.004873535551953267e+01 -1.994077748747031009e+01 -1.984725313597353846e+01 -1.976662309652610361e+01 -1.969751754932770282e+01 -1.963874447994185246e+01 -1.958917217215461548e+01 -1.954783008146456424e+01 -1.951385300319342875e+01 -1.948644947965366114e+01 -1.946492118131014593e+01 -1.944867201199615536e+01 -1.943714826677502927e+01 -1.942986586286103190e+01 -1.942639744769549992e+01 -1.942635107967389629e+01 -1.942939869112642626e+01 -1.943519195531339605e+01 -1.944342012191093261e+01 -1.945366713168081318e+01 -1.946546624399488579e+01 -1.947807775511649808e+01 -1.949042116256540780e+01 -1.950086300546261597e+01 -1.950719771963522930e+01 -1.950654194900481286e+01 -1.949659068325639666e+01 -1.947185492174689259e+01 -1.942944538569216917e+01 -1.936937892216781876e+01 -1.929452972465670157e+01 -1.921015146150221398e+01 -1.912092133198292743e+01 -1.903131629502895450e+01 -1.894557847553746299e+01 -1.886563161539661948e+01 -1.879196195064681874e+01 -1.872549577734411841e+01 -1.866641167827657810e+01 -1.861428650643276939e+01 -1.856866840699417409e+01 -1.852898714855612994e+01 -1.849495860887453347e+01 -1.846522531798522593e+01 -1.843874353886959483e+01 -1.841491168253253008e+01 -1.839376915905960885e+01 -1.837420412528716795e+01 -1.835535465286012879e+01 -1.833687411812648804e+01 -1.831864115712725649e+01 -1.830143842446859637e+01 -1.828447297103670266e+01 -1.826754190501923603e+01 -1.825091329344980551e+01 -1.823490542085050592e+01 -1.821991322040160455e+01 -1.820639817635049340e+01 -1.819394897633243602e+01 -1.818266605140054182e+01 -1.817263072694617421e+01 -1.816392285661410710e+01 -1.815658656306979779e+01 -1.815062358778558149e+01 -1.814599776687301258e+01 -1.814264940834230089e+01 -1.814059748216686074e+01 -1.813971590919401322e+01 -1.813991965140026252e+01 -1.814113209462988507e+01 -1.814330131195253060e+01 -1.814638695235428756e+01 -1.815034108387031253e+01 -1.815510053999921780e+01 -1.816062252449724213e+01 -1.816685926543920715e+01 -1.817376965698285574e+01 -1.818131233655848789e+01 -1.818945162412737560e+01 -1.819815741470305070e+01 -1.820740522025342045e+01 -1.821716203418897351e+01 -1.822739961260231922e+01 -1.823808718933019080e+01 -1.824920628333773109e+01 -1.826073628038945884e+01 -1.827264583894226746e+01 -1.828491632930507294e+01 -1.829753499710614761e+01 -1.831046916566996074e+01 -1.832369971922921081e+01 -1.833720440522271744e+01 -1.835098659919396979e+01 -1.836501919994877241e+01 -1.837929151197938182e+01 -1.839380142102760018e+01 -1.840852356532675671e+01 -1.842345134382420824e+01 -1.843855275026351137e+01 -1.845383998029426564e+01 -1.846928816201834422e+01 -1.848488153189545713e+01 -1.850061537959907909e+01 -1.851646975695681974e+01 -1.853243628794403719e+01 -1.854848988206568450e+01 -1.856461755626758148e+01 -1.858080451909289366e+01 -1.859701682685881963e+01 -1.861325140917061560e+01
-2.231318504549268411e+01 -2.229314572218575918e+01 -2.227317502460932630e+01 -2.225326463312875092e+01 -2.223341614592471061e+01 -2.221361774309487913e+01 -2.219388788983090777e+01 -2.217421049930716137e+01 -2.215458566064398838e+01 -2.213502046588831007e+01 -2.211551050517042327e+01 -2.209605312730267457e+01 -2.207664716225794521e+01 -2.205729763111133224e+01 -2.203799549227926136e+01 -2.201874783934488633e+01 -2.199956592252068077e+01 -2.198042679790436082e+01 -2.196134010569750572e+01 -2.194229586846596902e+01 -2.192328675530997373e+01 -2.190437740497837638e+01 -2.188548909515112584e+01 -2.186665273441375845e+01 -2.184780341766579070e+01 -2.182874172532422463e+01 -2.180866078743607162e+01 -2.178531506924939976e+01 -2.175330450490388401e+01 -2.170254590038092601e+01 -2.161886686168294958e+01 -2.149087815906032262e+01 -2.131884020047480632e+01 -2.111420357264526970e+01 -2.089143497626716695e+01 -2.066198200652911154e+01 -2.043428201701759050e+01 -2.021563950907869867e+01 -2.000844168319842709e+01 -1.981369361573009158e+01 -1.963327827624274846e+01 -1.946832952470341382e+01 -1.931898501659249234e+01 -1.918495382393536985e+01 -1.906549144900219872e+01 -1.896007058589144023e+01 -1.886732415090703796e+01 -1.878605745315992337e+01 -1.871482539874797979e+01 -1.865288474515859463e+01 -1.859977294895609745e+01 -1.855456705770483339e+01 -1.851604203509902646e+01 -1.848339852847346521e+01 -1.845584510543807610e+01 -1.843312666427511104e+01 -1.841400941616410591e+01 -1.839786401378706415e+01 -1.838402891764303604e+01 -1.837239862301000315e+01 -1.836255029947336226e+01 -1.835369431971524179e+01 -1.834569829149851827e+01 -1.833830087034831280e+01 -1.833168864670307485e+01 -1.832584642636233596e+01 -1.832003638008570690e+01 -1.831456282202702468e+01 -1.830957353911754382e+01 -1.830518428507495798e+01 -1.830137757029790180e+01 -1.829829389154880559e+01 -1.829594390526773751e+01 -1.829437572862108041e+01 -1.829286433567608228e+01 -1.828877503138064498e+01 -1.828567024025476684e+01 -1.828321229430022754e+01 -1.828158135817034591e+01 -1.828090084079435940e+01 -1.828114968688587538e+01 -1.828230453826195401e+01 -1.828426399677493919e+01 -1.828703899725945803e+01 -1.829033155313231163e+01 -1.829440994524366459e+01 -1.829925302858654135e+01 -1.830482488948565845e+01 -1.831107320382688286e+01 -1.831795425388891729e+01 -1.832544196115787116e+01 -1.833348201944511757e+01 -1.834208406317004503e+01 -1.835120103672866776e+01 -1.836081244006424740e+01 -1.837089634982286412e+01 -1.838141851967154849e+01 -1.839236271858518279e+01 -1.840372187059003295e+01 -1.841544263947432469e+01 -1.842753501340781241e+01 -1.843996179051146456e+01 -1.845270537529467703e+01 -1.846575807020577997e+01 -1.847909744101247753e+01 -1.849269746431519579e+01 -1.850655589126654732e+01 -1.852065506950386009e+01 -1.853497424969427598e+01 -1.854950455334056514e+01 -1.856421931822740490e+01 -1.857908754635103676e+01 -1.859412454310368545e+01 -1.860931212271448842e+01 -1.862461076394562198e+01 -1.864001282555870986e+01 -1.865548983431346741e+01 -1.867104986793021482e+01 -1.868661794242185081e+01 -1.870219573347471353e+01 -1.871771784368090508e+01
-2.223480846263709054e+01 -2.221379533814520002e+01 -2.219289135800153545e+01 -2.217211401721014497e+01 -2.215144758288699833e+01 -2.213089154349125209e+01 -2.211045740092692213e+01 -2.209013921582078765e+01 -2.206993267151075599e+01 -2.204983968221407409e+01 -2.202985776466559287e+01 -2.200998987687156827e+01 -2.199025174405144512e+01 -2.197057563594198371e+01 -2.195105349623950985e+01 -2.193159148022183658e+01 -2.191225406521526509e+01 -2.189302760011332794e+01 -2.187390107671139461e+01 -2.185486577363850458e+01 -2.183594470810654897e+01 -2.181710053245173953e+01 -2.179838441768605861e+01 -2.177970881433484607e+01 -2.176107615400758277e+01 -2.174210553126919976e+01 -2.172129211666202409e+01 -2.169336055897573701e+01 -2.164405067721220277e+01 -2.154671224514836325e+01 -2.137636828526832389e+01 -2.113880622868655479e+01 -2.086812481202740699e+01 -2.059634766508867187e+01 -2.034090184177448180e+01 -2.010841794441387265e+01 -1.990028483764897516e+01 -1.971561439000423022e+01 -1.955274891552413763e+01 -1.940973790841325552e+01 -1.928464022287552027e+01 -1.917565935088488516e+01 -1.908112078677217482e+01 -1.899952253862554485e+01 -1.892948190298013245e+01 -1.886854173989347316e+01 -1.881573455693789398e+01 -1.877100968915927481e+01 -1.873346256976569180e+01 -1.870234889675681700e+01 -1.867697490638155600e+01 -1.865670959764656800e+01 -1.864101877437465049e+01 -1.862821199109779968e+01 -1.861836155327384290e+01 -1.861143702860192661e+01 -1.860696910248558567e+01 -1.860446393788156527e+01 -1.860346938990997501e+01 -1.860265103382340968e+01 -1.860237279597812332e+01 -1.860235541203008225e+01 -1.860237279597812332e+01 -1.860223374387355122e+01 -1.860117493303771141e+01 -1.859939294341931060e+01 -1.859748069742575183e+01 -1.859567953277827002e+01 -1.859403926525827799e+01 -1.859262609368899533e+01 -1.859038806915356545e+01 -1.858849814186077509e+01 -1.858725393691915784e+01 -1.858695183068212486e+01 -1.858733789262741709e+01 -1.858799330475893896e+01 -1.858939145743163124e+01 -1.859111585679915990e+01 -1.859215039652086077e+01 -1.859386875978637477e+01 -1.859600490473631851e+01 -1.859885804480627058e+01 -1.860249450310197972e+01 -1.860689883114011423e+01 -1.861202320500956375e+01 -1.861785683211574849e+01 -1.862437295974597973e+01 -1.863148998040453463e+01 -1.863844213855947629e+01 -1.864585312941308715e+01 -1.865386226983955709e+01 -1.866240098826001059e+01 -1.867145731188720958e+01 -1.868114396630559426e+01 -1.869137156740094596e+01 -1.870208636419213377e+01 -1.871318438656341243e+01 -1.872468864545818690e+01 -1.873652963393881521e+01 -1.874867818768441197e+01 -1.876115131963766203e+01 -1.877391588402417710e+01 -1.878693403793428374e+01 -1.880021740603101321e+01 -1.881375017922091075e+01 -1.882748463698922592e+01 -1.884139630018852429e+01 -1.885527015917535110e+01 -1.886905543195532076e+01 -1.888296083212232190e+01 -1.889701776948173872e+01 -1.891115543727299553e+01 -1.892536638170309615e+01 -1.893960438268009128e+01 -1.895381710925911989e+01 -1.896794562452033261e+01 -1.898200726223356583e+01 -1.899593669960233200e+01 -1.900974552554772856e+01 -1.902331078929955410e+01 -1.903656163704115301e+01
-2.216985419099738053e+01 -2.214781288789514235e+01 -2.212589523700513539e+01 -2.210409701217228218e+01 -2.208243147768185111e+01 -2.206089527206539103e+01 -2.203949116985182499e+01 -2.201822668137225136e+01 -2.199709993138861108e+01 -2.197608939364907954e+01 -2.195526430254949446e+01 -2.193453232753434889e+01 -2.191399629438161867e+01 -2.189357110520658978e+01 -2.187328429631426019e+01 -2.185315906596493107e+01 -2.183318520120908701e+01 -2.181335438940399740e+01 -2.179365994221993219e+01 -2.177412237136048034e+01 -2.175470947139316635e+01 -2.173546550492172713e+01 -2.171635961119963198e+01 -2.169738771540090738e+01 -2.167856728335214100e+01 -2.165989313964510998e+01 -2.164134193138044893e+01 -2.162293063518034586e+01 -2.160465613064317125e+01 -2.158649906499788074e+01 -2.156849149513582375e+01 -2.155059874700377875e+01 -2.153283603403091107e+01 -2.151518785305895776e+01 -2.149765483010202516e+01 -2.148025073743552582e+01 -2.146294946757805633e+01 -2.144576531297657596e+01 -2.142867556662060124e+01 -2.141170587853704177e+01 -2.139482429157223109e+01 -2.137804517995509812e+01 -2.136136101214165350e+01 -2.134477509923168626e+01 -2.132827191176044224e+01 -2.131185614945117379e+01 -2.129552345556014359e+01 -2.127927854581754019e+01 -2.126310971875765787e+01 -2.124701479456781783e+01 -2.123099212905622579e+01 -2.121504054112377702e+01 -2.119915237812498532e+01 -2.118333455838197210e+01 -2.116757412211741496e+01 -2.115187248943212595e+01 -2.113623117597052570e+01 -2.112064029647311969e+01 -2.110509161808484535e+01 -2.108959439805422775e+01 -2.107414151583594730e+01 -2.105872217527094392e+01 -2.104333222588277508e+01 -2.102794997867351512e+01 -2.101246779727016190e+01 -2.099658255479780777e+01 -2.097947298772543689e+01 -2.095916040531465896e+01 -2.093192551009235203e+01 -2.089204422745228840e+01 -2.083283040959137011e+01 -2.074977523009803804e+01 -2.064355344449553087e+01 -2.052033832894276699e+01 -2.038885046698920789e+01 -2.025703148068847881e+01 -2.013054532142501429e+01 -2.001269132626881841e+01 -1.990503999756333542e+01 -1.980804623284700483e+01 -1.972152077695367822e+01 -1.964493179365114983e+01 -1.957754148596805521e+01 -1.951858603874625331e+01 -1.946730930521934866e+01 -1.942293351141602642e+01 -1.938479719878459306e+01 -1.935224549537720051e+01 -1.932468918876351438e+01 -1.930160364307073095e+01 -1.928252089497325983e+01 -1.926700347188887008e+01 -1.925468313328983072e+01 -1.924520078267408252e+01 -1.923825252891724702e+01 -1.923357228004357466e+01 -1.923090343115642042e+01 -1.923002482280788783e+01 -1.923075564156746964e+01 -1.923290352867747188e+01 -1.923631749460764695e+01 -1.924084605967495776e+01 -1.924636332781378201e+01 -1.925274360255785666e+01 -1.925987426303426986e+01 -1.926766254125909228e+01 -1.927600282380825547e+01 -1.928479917180495562e+01 -1.929396533928564850e+01 -1.930342520820352803e+01 -1.931308679993590260e+01 -1.932287687987373559e+01 -1.933271519364963353e+01 -1.934252344883154962e+01 -1.935219663291139014e+01 -1.936162057852631690e+01 -1.937070255714579758e+01 -1.937932271615259694e+01 -1.938733267694525964e+01 -1.939458720184694940e+01 -1.940095795971729942e+01
-2.309175095827161073e+01 -2.306761249396087265e+01 -2.304331783025548219e+01 -2.301888843248767103e+01 -2.299434768464492507e+01 -2.296964319468915861e+01 -2.294485111011060496e+01 -2.291998715289207311e+01 -2.289500105070036540e+01 -2.286992366748283700e+01 -2.284478546050241121e+01 -2.281955870180528123e+01 -2.279428150189690427e+01 -2.276893838938504544e+01 -2.274349873378868025e+01 -2.271803537674010087e+01 -2.269250396208678566e+01 -2.266691562885635136e+01 -2.264128488619786950e+01 -2.261561073967520130e+01 -2.258988103164044858e+01 -2.256410787698434461e+01 -2.253829142993563295e+01 -2.251243743974362133e+01 -2.248654267160942766e+01 -2.246059767530769236e+01 -2.243462449728592745e+01 -2.240860144871875193e+01 -2.238253833496908740e+01 -2.235643876346277636e+01 -2.233030200033411816e+01 -2.230412448496831601e+01 -2.227790928514414048e+01 -2.225164914309178599e+01 -2.222535167093592534e+01 -2.219901500619580048e+01 -2.217263718970976427e+01 -2.214622272219649801e+01 -2.211976394607214758e+01 -2.209327179257705254e+01 -2.206673042012139163e+01 -2.204015280879438166e+01 -2.201352834598255370e+01 -2.198686772395399558e+01 -2.196014982225033663e+01 -2.193341320352930524e+01 -2.190661333999862848e+01 -2.187978813174292725e+01 -2.185291137537183204e+01 -2.182599837359757444e+01 -2.179904012160815441e+01 -2.177203620853314092e+01 -2.174499297820824495e+01 -2.171792194542284449e+01 -2.169079582032959408e+01 -2.166362032781303171e+01 -2.163640682114172975e+01 -2.160915317310465156e+01 -2.158186450157476699e+01 -2.155453591432139149e+01 -2.152717044328729301e+01 -2.149977725151270036e+01 -2.147233143961954127e+01 -2.144485716475995218e+01 -2.141726638559355322e+01 -2.138939306253453765e+01 -2.136060316792885416e+01 -2.132935529887456738e+01 -2.129233616264358275e+01 -2.124385093965761584e+01 -2.117644752662051388e+01 -2.108378300397858851e+01 -2.096481049109155137e+01 -2.082521358263266364e+01 -2.067468962828893808e+01 -2.052261824673294655e+01 -2.037583139260885901e+01 -2.023832018598595894e+01 -2.011197784694064339e+01 -1.999735885099995869e+01 -1.989425144447300653e+01 -1.980200310240286399e+01 -1.971985431864577976e+01 -1.964685345378602221e+01 -1.958216308837367592e+01 -1.952514296868243804e+01 -1.947485149322963949e+01 -1.943059097365257415e+01 -1.939835278452943612e+01 -1.937422468555237387e+01 -1.935470548311010219e+01 -1.933925781085377693e+01 -1.932744960282327540e+01 -1.931885829984892666e+01 -1.931312252302148025e+01 -1.930990142559601708e+01 -1.930890966286563781e+01 -1.930987483098183333e+01 -1.931255130596299452e+01 -1.931671875818943462e+01 -1.932219236931072004e+01 -1.932879011882326026e+01 -1.933634618068793998e+01 -1.934471746482278576e+01 -1.935375315790467354e+01 -1.936333160303967560e+01 -1.937334147191455358e+01 -1.938364003326593021e+01 -1.939413493510701159e+01 -1.940470223215656276e+01 -1.941525051627636600e+01 -1.942565615276043545e+01 -1.943581938608425830e+01 -1.944564411677053783e+01 -1.945502708476798404e+01 -1.946382046786277442e+01 -1.947185492174689259e+01 -1.947899274759139487e+01 -1.948504072589127745e+01 -1.948983046827948584e+01 -1.949314334497667645e+01
-2.304082977018669354e+01 -2.301536468902255095e+01 -2.298986972278485297e+01 -2.296437017220956278e+01 -2.293888694608202172e+01 -2.291335547938919603e+01 -2.288779730926946598e+01 -2.286223457994265829e+01 -2.283665969438174770e+01 -2.281104340747360126e+01 -2.278542104642950150e+01 -2.275977534587772411e+01 -2.273409779569824352e+01 -2.270843136675784990e+01 -2.268270989603958299e+01 -2.265698550284923130e+01 -2.263122980140977702e+01 -2.260544326063634202e+01 -2.257964811787204340e+01 -2.255382023220171916e+01 -2.252796065517802049e+01 -2.250207565742474003e+01 -2.247617552322231305e+01 -2.245023677453121280e+01 -2.242426962598004536e+01 -2.239828758330595804e+01 -2.237226555926169169e+01 -2.234620881261218628e+01 -2.232012713414669847e+01 -2.229400807008530094e+01 -2.226786367615487450e+01 -2.224168624167501562e+01 -2.221546829106666365e+01 -2.218922327430792762e+01 -2.216294212898600691e+01 -2.213662360002457419e+01 -2.211026701912417280e+01 -2.208387782120083287e+01 -2.205745127682776285e+01 -2.203098501648761243e+01 -2.200447887751893461e+01 -2.197794297939883634e+01 -2.195136401156735317e+01 -2.192474509946709915e+01 -2.189808116631957802e+01 -2.187137459512404902e+01 -2.184463359335329713e+01 -2.181784223366521758e+01 -2.179102148272374606e+01 -2.176414343124702455e+01 -2.173724050459388124e+01 -2.171027730178620274e+01 -2.168329596029996154e+01 -2.165625670498990729e+01 -2.162917245221562368e+01 -2.160205999132796251e+01 -2.157488984745631910e+01 -2.154769211043189614e+01 -2.152045348060243768e+01 -2.149317038276544167e+01 -2.146585962095756983e+01 -2.143850506620517038e+01 -2.141111231222777533e+01 -2.138368205803621080e+01 -2.135622172473667035e+01 -2.132873456705284099e+01 -2.130121243766188144e+01 -2.127366407666569970e+01 -2.124610301449267169e+01 -2.121851030818164574e+01 -2.119091186865365373e+01 -2.116328987566530273e+01 -2.113567288042444048e+01 -2.110805018626965435e+01 -2.108043556092613713e+01 -2.105283105296249957e+01 -2.102524888956626725e+01 -2.099770431744506638e+01 -2.097021052916814554e+01 -2.094271435558178496e+01 -2.091531650209675064e+01 -2.088799860451381107e+01 -2.086075078242839353e+01 -2.083362909871143387e+01 -2.080659709693758330e+01 -2.077968266383163609e+01 -2.075291094395089431e+01 -2.072628128731380315e+01 -2.069983946304864730e+01 -2.067354124292877771e+01 -2.064745089908377196e+01 -2.062156575793792257e+01 -2.059586787630468763e+01 -2.057036074813844451e+01 -2.054503324987508250e+01 -2.051990678194103879e+01 -2.049495860887453347e+01 -2.047021044890038155e+01 -2.044564411677053783e+01 -2.042130349902440400e+01 -2.039713730615162035e+01 -2.037314658533327361e+01 -2.034936226658794567e+01 -2.032580044543229647e+01 -2.030236968685337828e+01 -2.027901425584625983e+01 -2.025572266741091809e+01 -2.023249535365439655e+01 -2.020919427624554388e+01 -2.018577238760275705e+01 -2.016215282963838362e+01 -2.013828044114441695e+01 -2.011409060309662067e+01 -2.008951967245923953e+01 -2.006453808051402632e+01 -2.003918686891051593e+01 -2.001316111198542202e+01 -1.998632030270880833e+01 -1.995844941828235264e+01 -1.992948190298013245e+01 -1.989921603792413407e+01
