-2.091703520622224843e+01 -2.088682569536563705e+01 -2.085980632142137026e+01 -2.083570664068553668e+01 -2.081417464038703713e+01 -2.079498520743099732e+01 -2.077782999131823516e+01 -2.076253166675043005e+01 -2.074887301502212722e+01 -2.073669539971270481e+01 -2.072584215073631952e+01 -2.071615624220415697e+01 -2.070750026031441848e+01 -2.069979594874753559e+01 -2.069293204933870101e+01 -2.068678682182198614e+01 -2.068128988108165700e+01 -2.067629424238229063e+01 -2.067153884656911345e+01 -2.066633110042359078e+01 -2.065963521559793392e+01 -2.064915136463365641e+01 -2.063102548434761019e+01 -2.059954836004305534e+01 -2.054787608155095668e+01 -2.047036435398092635e+01 -2.036563358480514196e+01 -2.023781676934517648e+01 -2.009473314804059640e+01 -1.994473637421581458e+01 -1.979460614738531987e+01 -1.964884169343597264e+01 -1.951021021138400613e+01 -1.938005145074200186e+01 -1.925892722762667830e+01 -1.914688001578243259e+01 -1.904364905046829648e+01 -1.894880887531430247e+01 -1.886188685351283212e+01 -1.878235815922667129e+01 -1.870965369934606670e+01 -1.864328593941660372e+01 -1.858276087853261771e+01 -1.852763854341752037e+01 -1.847747752228449514e+01 -1.843188044752713850e+01 -1.839050163702935592e+01 -1.835299867240595262e+01 -1.831906649688451694e+01 -1.828842895644210387e+01 -1.826084712231128293e+01 -1.823609304914351981e+01 -1.821395878975744509e+01 -1.819426812329046328e+01 -1.817685846607578171e+01 -1.816159802206626850e+01 -1.814836257370089001e+01 -1.813705210378944344e+01 -1.812759313295019581e+01 -1.811991846770190762e+01 -1.811398895562165379e+01 -1.810978024534815845e+01 -1.810729336219433350e+01 -1.810653785470585575e+01 -1.810754919923180850e+01 -1.811037339866711804e+01 -1.811506310289614063e+01 -1.812168506065031082e+01 -1.813032247698526689e+01 -1.814104795465637565e+01 -1.815393518058058575e+01 -1.816904583101690562e+01 -1.818645236866381509e+01 -1.820617470558030249e+01 -1.822825088289685525e+01 -1.825266589038409393e+01 -1.827939422327387931e+01 -1.830837045753302661e+01 -1.833950449361764257e+01 -1.836696605619443190e+01 -1.840011692792631237e+01 -1.843552331522628762e+01 -1.847218971752145578e+01 -1.850985884611031196e+01 -1.854830565080645854e+01 -1.858727072676246905e+01 -1.862649952203212678e+01 -1.866578759060682202e+01 -1.870489492719019253e+01 -1.874359498166583293e+01 -1.878175342033169670e+01 -1.881918622424560184e+01 -1.885573722623800919e+01 -1.889136733441952387e+01 -1.892595193093736583e+01 -1.895947677355440320e+01 -1.899191106370842164e+01 -1.902321456909311692e+01 -1.905345440118017564e+01 -1.908263630260682220e+01 -1.911081599323538072e+01 -1.913803568915676934e+01 -1.916436015199302290e+01 -1.918984816339634136e+01 -1.921457050228211116e+01 -1.923857587451948703e+01 -1.926194122341392045e+01 -1.928471550722208150e+01 -1.930696812651914485e+01 -1.932873456705284099e+01 -1.935008128126458260e+01 -1.937103919978178368e+01 -1.939165585194810859e+01 -1.941196371654577035e+01 -1.943198611956997368e+01 -1.945177032349788959e+01 -1.947134035476501168e+01 -1.949068992579070780e+01 -1.950987289526459989e+01 -1.952888438997013054e+01 -1.954772276687364752e+01
-2.459636481020945098e+01 -2.456866840699417409e+01 -2.448928077078360843e+01 -2.423422716749087158e+01 -2.375599517190854826e+01 -2.320222711537809346e+01 -2.267417658099725486e+01 -2.219683661042932599e+01 -2.177139434964490761e+01 -2.139386595215430376e+01 -2.105936400092222982e+01 -2.076321090059070684e+01 -2.050111077259793291e+01 -2.026921772433361113e+01 -2.006414523612230383e+01 -1.988485564820689433e+01 -1.972688293151325922e+01 -1.958782515604927355e+01 -1.946526335004963570e+01 -1.935781256689057983e+01 -1.926385857120952494e+01 -1.918168171313351067e+01 -1.911012148933122035e+01 -1.904759021449507017e+01 -1.899191106370842164e+01 -1.894051231572555238e+01 -1.889001670518010911e+01 -1.883558765589523176e+01 -1.877167665069198321e+01 -1.869295346478198283e+01 -1.859739475808008535e+01 -1.848652935724850011e+01 -1.836501919994877241e+01 -1.823950212477347321e+01 -1.811523861087262688e+01 -1.799589367672034257e+01 -1.788458920986608192e+01 -1.778267400977288659e+01 -1.769005061574098292e+01 -1.760725030162577553e+01 -1.753379989755326207e+01 -1.746688916189464535e+01 -1.740824552431679706e+01 -1.735709053119176559e+01 -1.731271188483739110e+01 -1.727441502772930448e+01 -1.724157260853851525e+01 -1.721361064080321412e+01 -1.719000284463780659e+01 -1.717027821889883654e+01 -1.715402185498459176e+01 -1.714084368256140678e+01 -1.713042215641585031e+01 -1.712245589228405507e+01 -1.711667364014605042e+01 -1.711286113707728518e+01 -1.711079917760504898e+01 -1.711032300510913018e+01 -1.711127026154173336e+01 -1.711350927482751771e+01 -1.711691232594425927e+01 -1.712138630004772466e+01 -1.712683058455764495e+01 -1.713316939415017259e+01 -1.714032742278419974e+01 -1.714824036116014838e+01 -1.715686069562231353e+01 -1.716612648313278200e+01 -1.717599138281017090e+01 -1.718642568267324577e+01 -1.719738360671607325e+01 -1.720882885044633070e+01 -1.722073548852083391e+01 -1.723307433387257959e+01 -1.724581990952523114e+01 -1.725894299463940129e+01 -1.727242621276792178e+01 -1.728624912626355936e+01 -1.730037904203438615e+01 -1.731482276321256464e+01 -1.732954076403310850e+01 -1.734453500630411682e+01 -1.735977703023636209e+01 -1.737526424671830938e+01 -1.739098218717700206e+01 -1.740691339971455065e+01 -1.742306003566510597e+01 -1.743938806990700385e+01 -1.745591954741321672e+01 -1.747261502263454247e+01 -1.748949520410721803e+01 -1.750652800719065283e+01 -1.752371919397445765e+01 -1.754107523376590549e+01 -1.755855624674494564e+01 -1.757618090803459410e+01 -1.759393695394242485e+01 -1.761180995840014418e+01 -1.762982011448724151e+01 -1.764795261674952087e+01 -1.766619012514477305e+01 -1.768453347650434537e+01 -1.770298400642221992e+01 -1.772152077695367822e+01 -1.774016730093651617e+01 -1.775892691924701339e+01 -1.777775188314106813e+01 -1.779669508386151833e+01 -1.781570614475104364e+01 -1.783478536008967197e+01 -1.785396503739749718e+01 -1.787321942298799016e+01 -1.789255259047639157e+01 -1.791197028215728793e+01 -1.793144310492763793e+01 -1.795101469742929012e+01 -1.797061622231479205e+01 -1.799029421160948061e+01 -1.801005209734821122e+01 -1.802986706881602785e+01 -1.804973740187783093e+01
-1.945248373364897532e+01 -1.944343217811141500e+01 -1.943767144157351368e+01 -1.943499089578740424e+01 -1.943508550044006356e+01 -1.943657824850579985e+01 -1.943997375108710912e+01 -1.944467576277665088e+01 -1.944988176373036026e+01 -1.945269305890195710e+01 -1.945370416487855891e+01 -1.945179490434925995e+01 -1.944606845154367392e+01 -1.943629351968510832e+01 -1.942188822221037370e+01 -1.940330396247188105e+01 -1.938137671335361745e+01 -1.935678427604232610e+01 -1.933020909516928043e+01 -1.930257884260582202e+01 -1.927460296855998934e+01 -1.924645524036915845e+01 -1.921823026874245244e+01 -1.918949865223347118e+01 -1.915931063573339088e+01 -1.912831617007637419e+01 -1.909147745112110073e+01 -1.904493311395506794e+01 -1.898413749190268618e+01 -1.890847372736891074e+01 -1.881228191743239364e+01 -1.869751754932770282e+01 -1.856977977367892763e+01 -1.843758816705027215e+01 -1.830523690450700869e+01 -1.817768151335035753e+01 -1.805809122563439928e+01 -1.794776790974766456e+01 -1.784768107257535519e+01 -1.775793088766106109e+01 -1.767813241936921287e+01 -1.760675832255089901e+01 -1.754416577160343138e+01 -1.748960246048584466e+01 -1.744234845826631286e+01 -1.740073935327375310e+01 -1.736512992644523834e+01 -1.733492582515312463e+01 -1.730955582257433534e+01 -1.728766182278598862e+01 -1.726964577178085136e+01 -1.725509708556498012e+01 -1.724363778898737465e+01 -1.723428675171074431e+01 -1.722739961260231922e+01 -1.722271095564268606e+01 -1.722001411688148309e+01 -1.721861806375826021e+01 -1.721881209119633738e+01 -1.722044679606369755e+01 -1.722339323811912593e+01 -1.722698925096502265e+01 -1.723165053783040435e+01 -1.723728393405053794e+01 -1.724380525570639477e+01 -1.725114553235406234e+01 -1.725923478767247587e+01 -1.726801660099973290e+01 -1.727744833799904001e+01 -1.728748498421102298e+01 -1.729806953468138175e+01 -1.730917509160015655e+01 -1.732077203389010123e+01 -1.733281798192592760e+01 -1.734529415338631608e+01 -1.735816908174045992e+01 -1.737141695815600784e+01 -1.738501846312747645e+01 -1.739896180178220675e+01 -1.741321022179057465e+01 -1.742775590712718525e+01 -1.744257701848642483e+01 -1.745767261722602726e+01 -1.747301493144000517e+01 -1.748858459279122357e+01 -1.750440016510737706e+01 -1.752041029515200421e+01 -1.753662967270759410e+01 -1.755304365220453988e+01 -1.756965077372048256e+01 -1.758643202872671196e+01 -1.760336483301630750e+01 -1.762047693616944599e+01 -1.763772492021688265e+01 -1.765513635020287353e+01 -1.767268194231207801e+01 -1.769036983257410256e+01 -1.770818731253288192e+01 -1.772611944848878807e+01 -1.774417291729676549e+01 -1.776235574236080694e+01 -1.778062507537374515e+01 -1.779904012160815441e+01 -1.781752828239462616e+01 -1.783612334435308000e+01 -1.785480359388581917e+01 -1.787360880838338417e+01 -1.789248477434853513e+01 -1.791143868820878282e+01 -1.793047989916477292e+01 -1.794962024373854348e+01 -1.796883400033934208e+01 -1.798813364347227406e+01 -1.800749950202451188e+01 -1.802693683337441399e+01 -1.804644808502181164e+01 -1.806602705989838853e+01 -1.808567271264000453e+01 -1.810538490888212237e+01 -1.812515883490874202e+01 -1.814499600374035992e+01
-1.925350591865741023e+01 -1.921390193004515012e+01 -1.918133211662704696e+01 -1.915503847399052262e+01 -1.913433352518438113e+01 -1.911861534322942546e+01 -1.910733784476748198e+01 -1.910002637286417126e+01 -1.909624279803230706e+01 -1.909561990500993289e+01 -1.909780123050632739e+01 -1.910248836942488992e+01 -1.910941691954879573e+01 -1.911834149876747091e+01 -1.912905210420158397e+01 -1.914135454306221007e+01 -1.915507571253133179e+01 -1.917005972858046547e+01 -1.918616558016319829e+01 -1.920321758829869196e+01 -1.922095213387122570e+01 -1.923889946104185711e+01 -1.925614544514838045e+01 -1.927315873235482968e+01 -1.928483264215154236e+01 -1.928662707675369248e+01 -1.927281673612003843e+01 -1.923853074207363534e+01 -1.918079178537576013e+01 -1.909861797291784669e+01 -1.899705679312367579e+01 -1.888315989758733693e+01 -1.876379034628294207e+01 -1.864445270426786649e+01 -1.852888438997013054e+01 -1.842049078128969697e+01 -1.831961915549809206e+01 -1.822722369584775137e+01 -1.814370017975220861e+01 -1.806806436314698772e+01 -1.799995657272313565e+01 -1.793926439655067995e+01 -1.788568932313157589e+01 -1.783857209920870446e+01 -1.779740271430756948e+01 -1.776295920862080990e+01 -1.773329803311591135e+01 -1.770776608709052624e+01 -1.768552182413581875e+01 -1.766568701524176888e+01 -1.764855157709088473e+01 -1.763393209518751803e+01 -1.762163844320702921e+01 -1.761143702860192661e+01 -1.760306872511014120e+01 -1.759588500249440557e+01 -1.758964461656552913e+01 -1.758482625466414007e+01 -1.758126794312670427e+01 -1.757865936169955745e+01 -1.757718043547672337e+01 -1.757677051484343167e+01 -1.757734451212754578e+01 -1.757884046522591959e+01 -1.758121826689194478e+01 -1.758439237733585259e+01 -1.758829613659402824e+01 -1.759293217438585799e+01 -1.759822047864615868e+01 -1.760409726044014178e+01 -1.761063897003626977e+01 -1.761780278962254798e+01 -1.762556328501828773e+01 -1.763389470757713795e+01 -1.764275142306371436e+01 -1.765212380039019635e+01 -1.766200194887704100e+01 -1.767233461294995678e+01 -1.768310749623870493e+01 -1.769430477108814159e+01 -1.770590870752303658e+01 -1.771789926271415183e+01 -1.773025362686923145e+01 -1.774294572205534237e+01 -1.775597041096997941e+01 -1.776932121885352345e+01 -1.778299009019579557e+01 -1.779693990240403778e+01 -1.781115585345310137e+01 -1.782562033425101333e+01 -1.784034258875229639e+01 -1.785530128135687633e+01 -1.787047122614122330e+01 -1.788588964346810783e+01 -1.790149471679868398e+01 -1.791728641982866677e+01 -1.793330144957700512e+01 -1.794950424111614495e+01 -1.796585302289395614e+01 -1.798242413160892639e+01 -1.799913227846877462e+01 -1.801597703101603898e+01 -1.803299054572974214e+01 -1.805015154236751940e+01 -1.806745013898496666e+01 -1.808488521459586451e+01 -1.810244987910899184e+01 -1.812014176271745924e+01 -1.813795214688818191e+01 -1.815587711444189623e+01 -1.817391871534035275e+01 -1.819206603723238658e+01 -1.821032059575881590e+01 -1.822866979170049362e+01 -1.824712218877036918e+01 -1.826567231231063815e+01 -1.828430578358370795e+01 -1.830302363331426463e+01 -1.832182773767694073e+01 -1.834071146193542390e+01 -1.835966765995221905e+01
-2.324230037491226142e+01 -2.322374932146244930e+01 -2.320526106913749587e+01 -2.318682614480975346e+01 -2.316844374724843547e+01 -2.315011398573659562e+01 -2.313183184233493606e+01 -2.311359388589027120e+01 -2.309539804596515467e+01 -2.307723822260103930e+01 -2.305911511870364450e+01 -2.304102542735468973e+01 -2.302297182237280282e+01 -2.300493985844705591e+01 -2.298695200388476678e+01 -2.296891485196051974e+01 -2.295051062806644282e+01 -2.292955575002705260e+01 -2.289527395589002623e+01 -2.281081860281926410e+01 -2.260809499313284476e+01 -2.226722037210908667e+01 -2.185873840937791002e+01 -2.144349246413462495e+01 -2.105241925069567799e+01 -2.069154230581069598e+01 -2.036034420873098227e+01 -2.005689642610524714e+01 -1.977947351647295804e+01 -1.952925149661901472e+01 -1.930154276574651107e+01 -1.909508979596972722e+01 -1.890857927100794811e+01 -1.874066897508234675e+01 -1.858998239179694778e+01 -1.845665224062082288e+01 -1.833772393583842941e+01 -1.823194677732068669e+01 -1.813811327851270860e+01 -1.805516214128478936e+01 -1.798209060410331261e+01 -1.791804093369952255e+01 -1.786213971784713905e+01 -1.781253568470707904e+01 -1.776957662610735866e+01 -1.773264050917213908e+01 -1.770116874798195994e+01 -1.767460749998273783e+01 -1.765243582158504765e+01 -1.763277457331416898e+01 -1.761648982412750541e+01 -1.760319062744561691e+01 -1.759252411470874478e+01 -1.758410892249721869e+01 -1.757765642864499611e+01 -1.757407469934752697e+01 -1.757191382374634969e+01 -1.757092633050956110e+01 -1.757086165523291044e+01 -1.757147645957923743e+01 -1.757259504468972722e+01 -1.757399326862298850e+01 -1.757585369424484512e+01 -1.758312660022320273e+01 -1.759050646313242439e+01 -1.759785903270753238e+01 -1.760502328044543674e+01 -1.761189879842948258e+01 -1.761855999718038035e+01 -1.763000533839157313e+01 -1.764111379559412995e+01 -1.765179252331437354e+01 -1.766196206509687627e+01 -1.767151846146352767e+01 -1.768051917194966194e+01 -1.769587584726708940e+01 -1.771083484735011027e+01 -1.772531115776244093e+01 -1.773926098008958974e+01 -1.775256687043696502e+01 -1.776515383007863491e+01 -1.777699756078958870e+01 -1.778842563651715025e+01 -1.780526371127130503e+01 -1.782159865846624314e+01 -1.783731613412210848e+01 -1.785241641757836106e+01 -1.786678054326750598e+01 -1.788057913655791253e+01 -1.789832164897202915e+01 -1.791553096851192350e+01 -1.793214833948764664e+01 -1.794811462111012901e+01 -1.796337110463784015e+01 -1.797802554488993820e+01 -1.800188021635960567e+01 -1.802574168122837861e+01 -1.804962540818860361e+01 -1.807352378657753889e+01 -1.809743691456602477e+01 -1.812136332697348351e+01 -1.814530539295964218e+01 -1.816925739895907199e+01 -1.819321650479087538e+01 -1.821718351636847899e+01 -1.824115620789464742e+01 -1.826513619067003802e+01 -1.828912138231482842e+01 -1.831310466111138879e+01 -1.833709113563323001e+01 -1.836108165249837043e+01 -1.838507116173354206e+01 -1.840904676481201463e+01 -1.843303248531902838e+01 -1.845700039242294466e+01 -1.848097310605668753e+01 -1.850492767644959358e+01 -1.852886971215672318e+01 -1.855279543959873223e+01 -1.857668857712609523e+01 -1.860056858206594299e+01
-2.303232100641753277e+01 -2.301351938536023667e+01 -2.299481948749621907e+01 -2.297625383684752265e+01 -2.295777899760961915e+01 -2.293941546863913672e+01 -2.292114459702023410e+01 -2.290298576882196713e+01 -2.288492228334041911e+01 -2.286694035724609009e+01 -2.284902876793738713e+01 -2.283123742437764392e+01 -2.281349570150686290e+01 -2.279582573392648115e+01 -2.277822074306030942e+01 -2.276067549021220415e+01 -2.274321011807318982e+01 -2.272568047544137926e+01 -2.270738954716167868e+01 -2.268342164845882891e+01 -2.263028332245144014e+01 -2.247812998850184130e+01 -2.215627525869980019e+01 -2.172031024696638113e+01 -2.126957305473395365e+01 -2.084951987772966575e+01 -2.047112184828061032e+01 -2.013381903177364407e+01 -1.983472598968877065e+01 -1.957023157552139381e+01 -1.933670435395054454e+01 -1.913076828026902376e+01 -1.894934961913608618e+01 -1.878960121134775463e+01 -1.864924818218358382e+01 -1.852616281596693071e+01 -1.841800485623892669e+01 -1.832294082260783696e+01 -1.823936645249978028e+01 -1.816604372460298578e+01 -1.810253786198693859e+01 -1.804679621301383463e+01 -1.799787715377483721e+01 -1.795499013909417485e+01 -1.791800497472770104e+01 -1.788602324171015212e+01 -1.785823676972421126e+01 -1.783419202099621259e+01 -1.781369361573009158e+01 -1.779683107712453705e+01 -1.778285836206172021e+01 -1.777136869501029537e+01 -1.776217988920593527e+01 -1.775505524727282136e+01 -1.775014152758262753e+01 -1.774709844720765517e+01 -1.774574203277616391e+01 -1.774579040327038371e+01 -1.774717123195940616e+01 -1.774967760292399177e+01 -1.775342756587830095e+01 -1.775832902621587195e+01 -1.776416866258948346e+01 -1.777098405723658914e+01 -1.777869010970307073e+01 -1.778720001937443129e+01 -1.779631452911809220e+01 -1.780606880882505294e+01 -1.781607564824300027e+01 -1.782669715811181277e+01 -1.783791375975914661e+01 -1.784930494885728436e+01 -1.786116068758567721e+01 -1.787354388656819637e+01 -1.788639084892697184e+01 -1.789952606374234634e+01 -1.791307097595163356e+01 -1.792701525537206919e+01 -1.794134625842762887e+01 -1.795600933412186606e+01 -1.797098167045351857e+01 -1.798619407265940850e+01 -1.800165782213647603e+01 -1.801739412725645195e+01 -1.803338432333818631e+01 -1.804962053955283707e+01 -1.806608268001129503e+01 -1.808275188750264206e+01 -1.809962740855421615e+01 -1.811669068478195044e+01 -1.813392542869106094e+01 -1.815133065259648859e+01 -1.816889202813248261e+01 -1.818660584493948917e+01 -1.820445364896229634e+01 -1.822244269136099248e+01 -1.824055124604181088e+01 -1.825878535026513205e+01 -1.827711116878738196e+01 -1.829536910681773776e+01 -1.831373920922380449e+01 -1.833220161686879734e+01 -1.835077226748784085e+01 -1.836943992429572603e+01 -1.838820236922368423e+01 -1.840704642845213357e+01 -1.842598031361288236e+01 -1.844499024105390106e+01 -1.846407325860442938e+01 -1.848322672169841496e+01 -1.850244840093543175e+01 -1.852173660630183960e+01 -1.854109032994686501e+01 -1.856049362311127382e+01 -1.857994518422123775e+01 -1.859946201060805393e+01 -1.861899328070342108e+01 -1.863857438701611002e+01 -1.865816994307948917e+01 -1.867780138644810961e+01 -1.869743098906394607e+01
-2.286075078242839353e+01 -2.284115522636501083e+01 -2.282171387122243189e+01 -2.280241623096422288e+01 -2.278330640083024505e+01 -2.276434532304305236e+01 -2.274554860465498507e+01 -2.272690608832799697e+01 -2.270840917434199824e+01 -2.269007188956507903e+01 -2.267186513845666695e+01 -2.265382312657843045e+01 -2.263591825858893003e+01 -2.261816320000165703e+01 -2.260053395899565487e+01 -2.258302682739696365e+01 -2.256565468743717062e+01 -2.254839775666702195e+01 -2.253125401074633061e+01 -2.251422180670807904e+01 -2.249729982468943845e+01 -2.248047388674125813e+01 -2.246373202585413864e+01 -2.244708854978349066e+01 -2.243053245207456570e+01 -2.241404321734573202e+01 -2.239762525925554115e+01 -2.238126176672571788e+01 -2.236496887905399333e+01 -2.234872198600185556e+01 -2.233250969005166908e+01 -2.231634969359760845e+01 -2.230021428856264976e+01 -2.228410524355964029e+01 -2.226801660099973290e+01 -2.225193607486117031e+01 -2.223586871961396838e+01 -2.221979793883429366e+01 -2.220372408658960595e+01 -2.218763486842595611e+01 -2.217147543885363348e+01 -2.215492677752235906e+01 -2.213629061137254794e+01 -2.210852387193747148e+01 -2.204969844427539982e+01 -2.191710696671182035e+01 -2.165111127692856385e+01 -2.131512772011036461e+01 -2.096149905692332638e+01 -2.062289418273094554e+01 -2.031150898801566740e+01 -2.003011835625349946e+01 -1.977762173405504598e+01 -1.955194328911378676e+01 -1.935068461681340679e+01 -1.917137876641545091e+01 -1.901164173888820486e+01 -1.886966623150499345e+01 -1.874388385334561846e+01 -1.863262544012580335e+01 -1.853408204678806470e+01 -1.844631111483539954e+01 -1.836895214702257562e+01 -1.830091709377529696e+01 -1.824103514808950521e+01 -1.818857916922512175e+01 -1.814278815768310693e+01 -1.810300557013086120e+01 -1.806851161788993920e+01 -1.803770171067775152e+01 -1.801034999024611949e+01 -1.798606787928879669e+01 -1.796525125685350943e+01 -1.794765240077533619e+01 -1.793296636015773871e+01 -1.792081875395237489e+01 -1.791189936535733906e+01 -1.790486553306016404e+01 -1.789949160549803864e+01 -1.789568363548827179e+01 -1.789319737240035124e+01 -1.789194262621614584e+01 -1.789177334362507210e+01 -1.789265433452790433e+01 -1.789455794519830434e+01 -1.789742909814570027e+01 -1.790118328295105954e+01 -1.790570360259463101e+01 -1.791097849920499385e+01 -1.791696345758803588e+01 -1.792357803263940852e+01 -1.793085011015122276e+01 -1.793869834379395556e+01 -1.794711376474361941e+01 -1.795608783289874566e+01 -1.796557209497459695e+01 -1.797551433230083262e+01 -1.798589967848037929e+01 -1.799675494518685426e+01 -1.800802563293017755e+01 -1.801968295827034794e+01 -1.803171790070750191e+01 -1.804410549201445946e+01 -1.805683701983590339e+01 -1.806988675841935432e+01 -1.808325135762592240e+01 -1.809690458436095994e+01 -1.811083280951682895e+01 -1.812503139598178947e+01 -1.813948232253825310e+01 -1.815417047993350863e+01 -1.816909070045355534e+01 -1.818422971729602367e+01 -1.819957850745394623e+01 -1.821511893041391161e+01 -1.823084430928560096e+01 -1.824675409058596287e+01 -1.826282326580940918e+01 -1.827904728329841433e+01 -1.829542055030369951e+01 -1.831192739636726330e+01
-2.268394574101139227e+01 -2.266368038374645977e+01 -2.264158921379366518e+01 -2.261435798347076798e+01 -2.257528166266843428e+01 -2.251416504731678003e+01 -2.242078821976850023e+01 -2.229201276089804296e+01 -2.213555418667770880e+01 -2.196533144416575922e+01 -2.179428150189690427e+01 -2.163111834382366538e+01 -2.148034260855819255e+01 -2.134381552288535744e+01 -2.122179808488218811e+01 -2.111373494097024306e+01 -2.101868436058314060e+01 -2.093557945156640798e+01 -2.086324773367333663e+01 -2.080065628131060862e+01 -2.074675894622734873e+01 -2.070057987401797206e+01 -2.066126469120048270e+01 -2.062802753030590708e+01 -2.060011869730801237e+01 -2.057688525362515009e+01 -2.055775547215204924e+01 -2.054214836874439243e+01 -2.052960421118497081e+01 -2.051966242885271541e+01 -2.051194308057595350e+01 -2.050608210528665865e+01 -2.050175838731410849e+01 -2.049866682135443341e+01 -2.049653618184678550e+01 -2.049524377950279330e+01 -2.049494503399036205e+01 -2.049386041573385597e+01 -2.048999148705976481e+01 -2.047971302507288271e+01 -2.045753559812862221e+01 -2.041694866171416933e+01 -2.035722891079024777e+01 -2.027559304241695770e+01 -2.017294751551576937e+01 -2.005799194697768684e+01 -1.993937769569004459e+01 -1.982330115388142744e+01 -1.971287037928088992e+01 -1.960922381019371841e+01 -1.951218312760277129e+01 -1.941985083561589320e+01 -1.933049716589565747e+01 -1.924265712238540615e+01 -1.915490195998574308e+01 -1.906662408398980801e+01 -1.897802554488993820e+01 -1.889042145309561249e+01 -1.880443241934027299e+01 -1.872106357669889931e+01 -1.864109478968695299e+01 -1.856567066266227073e+01 -1.849551554477676873e+01 -1.843032183966441551e+01 -1.837023373268068127e+01 -1.831514566542179878e+01 -1.826525616041746147e+01 -1.822018713682941993e+01 -1.817956207538028579e+01 -1.814316843738467355e+01 -1.811074873462025181e+01 -1.808193294904995696e+01 -1.805651043052846560e+01 -1.803414006319292895e+01 -1.801463640660905696e+01 -1.799770431744506638e+01 -1.798296666070121930e+01 -1.797033219732467657e+01 -1.795963504413994016e+01 -1.795074320276777158e+01 -1.794343814814054028e+01 -1.793760606274680569e+01 -1.793322696291497564e+01 -1.793022093911848458e+01 -1.792837570146024717e+01 -1.792775010238648647e+01 -1.792822842058324539e+01 -1.792974042259942635e+01 -1.793225979707375828e+01 -1.793572924702599281e+01 -1.794002028305583707e+01 -1.794515722077131770e+01 -1.795109229851622956e+01 -1.795770019258637618e+01 -1.796501078371231586e+01 -1.797297674541129808e+01 -1.798154916761364319e+01 -1.799067660661898671e+01 -1.800029107482383495e+01 -1.801042560752255639e+01 -1.802104383478240734e+01 -1.803211520181267247e+01 -1.804362504051246674e+01 -1.805550252260849220e+01 -1.806776475689316896e+01 -1.808038852400756724e+01 -1.809335255098364925e+01 -1.810663777291218679e+01 -1.812023340415150230e+01 -1.813412055743123119e+01 -1.814827702131143283e+01 -1.816270203019015739e+01 -1.817736778758338900e+01 -1.819226883959048635e+01 -1.820738421633686599e+01 -1.822271095564268606e+01 -1.823822997890303910e+01 -1.825393433606661731e+01 -1.826980740882308396e+01 -1.828582956668043735e+01 -1.830200390649125097e+01
-2.253497424969427598e+01 -2.250753296353485311e+01 -2.246834229262538685e+01 -2.240730151415181481e+01 -2.231415082038406084e+01 -2.218555262147751250e+01 -2.202888657807293171e+01 -2.185792353892671613e+01 -2.168569027775515323e+01 -2.152097204123945318e+01 -2.136844462758709540e+01 -2.123008383321705494e+01 -2.110625487789615207e+01 -2.099649638525746198e+01 -2.089993977606884812e+01 -2.081556411169162857e+01 -2.074227343944136948e+01 -2.067900258320577933e+01 -2.062468396067303544e+01 -2.057826448867774616e+01 -2.053859152287315837e+01 -2.050444178745213009e+01 -2.047442399336953400e+01 -2.044697913886499663e+01 -2.042050221746517735e+01 -2.039343592564997110e+01 -2.036451625318508718e+01 -2.033287405851401175e+01 -2.029820758672908454e+01 -2.026073628038945884e+01 -2.022107494755890400e+01 -2.018006800493720476e+01 -2.013870460647330418e+01 -2.009604770935595752e+01 -2.005468408488476584e+01 -2.001505434533943273e+01 -1.997711818666796901e+01 -1.994017161835901675e+01 -1.990305524482305799e+01 -1.986521747061814480e+01 -1.982754302559941451e+01 -1.978120200188826416e+01 -1.972392900686296713e+01 -1.965564703076144326e+01 -1.957803431177488918e+01 -1.949437527167211925e+01 -1.941005039867429360e+01 -1.932762502125391890e+01 -1.924851303883291109e+01 -1.917432077984388172e+01 -1.910618277603253645e+01 -1.904365385261875332e+01 -1.898610993967156091e+01 -1.893251997606851589e+01 -1.888282817248573409e+01 -1.883436993762381562e+01 -1.878581869133617843e+01 -1.873619829208368870e+01 -1.868604845879145770e+01 -1.863496151780429599e+01 -1.858222946888307447e+01 -1.852856159261069990e+01 -1.847502001787288251e+01 -1.842279552698893852e+01 -1.837297228722801989e+01 -1.832506541186105053e+01 -1.827995652390021064e+01 -1.823795195829005067e+01 -1.819923482214438692e+01 -1.816370120832496937e+01 -1.813134380819231239e+01 -1.810225198277945324e+01 -1.807655909056220978e+01 -1.805373937777090276e+01 -1.803324833594862042e+01 -1.801527471150510706e+01 -1.799965270331463785e+01 -1.798623614526606573e+01 -1.797477608482168776e+01 -1.796505085332362839e+01 -1.795671633442942650e+01 -1.794996843763159688e+01 -1.794473637421581458e+01 -1.794096699503622006e+01 -1.793850982337518474e+01 -1.793726763679460490e+01 -1.793719246682784174e+01 -1.793820836081598813e+01 -1.794024730579070237e+01 -1.794324755943256022e+01 -1.794711376474361941e+01 -1.795186907297103218e+01 -1.795738511541147631e+01 -1.796365061196816271e+01 -1.797065681248089319e+01 -1.797827333558622342e+01 -1.798657287292930462e+01 -1.799542070609778932e+01 -1.800482127375224906e+01 -1.801475770223177975e+01 -1.802518445350020571e+01 -1.803607529705245227e+01 -1.804740610929025735e+01 -1.805914995362924813e+01 -1.807128673713776834e+01 -1.808379880541146534e+01 -1.809665493992032381e+01 -1.810984176133557710e+01 -1.812333769709152165e+01 -1.813712951760505732e+01 -1.815120145047167455e+01 -1.816553478818380540e+01 -1.818011402777218422e+01 -1.819492072758730572e+01 -1.820995422141750808e+01 -1.822519116968929254e+01 -1.824061926219635410e+01 -1.825622378250711364e+01 -1.827198729333877125e+01 -1.828790614687509475e+01 -1.830394956019225106e+01
-2.241888128785312517e+01 -2.239902710431325161e+01 -2.237923951000579592e+01 -2.235952850123211988e+01 -2.233988427937622134e+01 -2.232030869918285276e+01 -2.230078685882607914e+01 -2.228134056549862763e+01 -2.226194916175041172e+01 -2.224261915659420197e+01 -2.222334239289493851e+01 -2.220412693142322524e+01 -2.218496712158174944e+01 -2.216585916623066410e+01 -2.214680693401671618e+01 -2.212780292297572515e+01 -2.210884180961542000e+01 -2.208990945440593023e+01 -2.207089285633142950e+01 -2.205137678486638109e+01 -2.203001596233803383e+01 -2.200326948456484644e+01 -2.196365061196816271e+01 -2.189907831967915186e+01 -2.179718485903241998e+01 -2.165425389661383093e+01 -2.147993589819121496e+01 -2.129084880766020405e+01 -2.110156554205415347e+01 -2.092125326572639210e+01 -2.075438864010909157e+01 -2.060265103382340968e+01 -2.046615171170865821e+01 -2.034408399061646477e+01 -2.023510686479387743e+01 -2.013734396637012836e+01 -2.004834197940825291e+01 -1.996505085332362839e+01 -1.988402357054518177e+01 -1.980189300112659723e+01 -1.971622402128847540e+01 -1.962613212967293208e+01 -1.953237709758217377e+01 -1.943707697356306241e+01 -1.934280068147559817e+01 -1.925200589774893345e+01 -1.916672536070943522e+01 -1.908819276782883279e+01 -1.901694232071378821e+01 -1.895315379605417760e+01 -1.889660683002647090e+01 -1.884706986357727487e+01 -1.880396205926547637e+01 -1.876636941983553797e+01 -1.873327453296808187e+01 -1.870342255486088234e+01 -1.867503884696264649e+01 -1.864735448133102835e+01 -1.861892103675716825e+01 -1.858886872906043664e+01 -1.855647103972493994e+01 -1.852150565233919011e+01 -1.848413939717558918e+01 -1.844236048475321965e+01 -1.839990965088659181e+01 -1.835729811712750248e+01 -1.831575624762937338e+01 -1.827626528695922659e+01 -1.823929109732427634e+01 -1.820515657681255561e+01 -1.817400298835205419e+01 -1.814590052497232264e+01 -1.812077218845313809e+01 -1.809850898514325834e+01 -1.807898498929248987e+01 -1.806207107682910618e+01 -1.804760475244100704e+01 -1.803536329621150003e+01 -1.802520746528346862e+01 -1.801698296406058830e+01 -1.801049233958438123e+01 -1.800559925258840366e+01 -1.800217691925427488e+01 -1.800009555529748795e+01 -1.799926232622596700e+01 -1.799952253862554485e+01 -1.800087381038254719e+01 -1.800317322844571777e+01 -1.800636981325381925e+01 -1.801037667719325341e+01 -1.801513978017232631e+01 -1.802059732503119704e+01 -1.802671508956435176e+01 -1.803342184459543418e+01 -1.804068189277703382e+01 -1.804845364257934648e+01 -1.805669348822429043e+01 -1.806538036720463225e+01 -1.807447133105983283e+01 -1.808394104418480808e+01 -1.809376195786865438e+01 -1.810390939765949625e+01 -1.811435612816423557e+01 -1.812508931813099977e+01 -1.813607668198179113e+01 -1.814730657136230008e+01 -1.815875944488957572e+01 -1.817041965358347966e+01 -1.818226940522160007e+01 -1.819428850233783379e+01 -1.820646803455452911e+01 -1.821879771582041485e+01 -1.823125833149847352e+01 -1.824383571113991920e+01 -1.825652159340594949e+01 -1.826929845571815392e+01 -1.828215481596149061e+01 -1.829507770877659922e+01 -1.830806137941087997e+01 -1.832107210232331695e+01 -1.833411895232832478e+01
-2.212491557485357418e+01 -2.196915749717508248e+01 -2.178579217034555171e+01 -2.159247313419704639e+01 -2.140274371707485912e+01 -2.122414935492714250e+01 -2.105969772686392361e+01 -2.090974194706868516e+01 -2.077332277921544446e+01 -2.064889973996858075e+01 -2.053491471244256772e+01 -2.043002949176513283e+01 -2.033319196268736562e+01 -2.024373673878869795e+01 -2.016126421825549286e+01 -2.008557750278072973e+01 -2.001656316611583009e+01 -1.995412960755064091e+01 -1.989808116631957802e+01 -1.984829314297742542e+01 -1.980446010345068331e+01 -1.976616658511556679e+01 -1.973301611523395493e+01 -1.970443290003752068e+01 -1.967983293474576811e+01 -1.965856547542185950e+01 -1.963997491081060076e+01 -1.962345953981160562e+01 -1.960844743338907037e+01 -1.959448289302362411e+01 -1.958121826689194478e+01 -1.956837895237264391e+01 -1.955576777928642329e+01 -1.954319382145331119e+01 -1.953101794103742961e+01 -1.951992115993451549e+01 -1.950788245133146859e+01 -1.949321094260501397e+01 -1.947398397865924835e+01 -1.944798919723966790e+01 -1.941400941616410591e+01 -1.937271609349372525e+01 -1.932182773767694073e+01 -1.926130662616586164e+01 -1.919338594853679325e+01 -1.912233499986978558e+01 -1.905114709380028515e+01 -1.898188227940899964e+01 -1.891624662242998767e+01 -1.885474142303439038e+01 -1.879882144361667429e+01 -1.874853212451647622e+01 -1.870399333068632686e+01 -1.866478288354256776e+01 -1.863069135453653757e+01 -1.860119226979673712e+01 -1.857451468929196992e+01 -1.854992033037831334e+01 -1.852703888098005081e+01 -1.850535848971795971e+01 -1.848359685155259768e+01 -1.846099921891968165e+01 -1.843719580208572140e+01 -1.841263705885782187e+01 -1.838735386824427209e+01 -1.836113152497139822e+01 -1.833427833161260168e+01 -1.830731167561354411e+01 -1.828102524601684920e+01 -1.825591051781873375e+01 -1.823199864001317749e+01 -1.820946854751900901e+01 -1.818851212984955978e+01 -1.816927022457169727e+01 -1.815181088300860068e+01 -1.813617174870142534e+01 -1.812232924392746369e+01 -1.811028381416185695e+01 -1.809991156475257412e+01 -1.809112375618785862e+01 -1.808383567765747557e+01 -1.807796518843748856e+01 -1.807344148902286562e+01 -1.807018783266701334e+01 -1.806813548650796974e+01 -1.806721179009793588e+01 -1.806735884097619405e+01 -1.806852178812544807e+01 -1.807064239077618240e+01 -1.807366784483471633e+01 -1.807753924653754396e+01 -1.808221625302258673e+01 -1.808765569906930892e+01 -1.809381585593912689e+01 -1.810066109843892335e+01 -1.810815602412145964e+01 -1.811625341741313022e+01 -1.812493294605381067e+01 -1.813416195964941480e+01 -1.814390580015911070e+01 -1.815413951220780220e+01 -1.816483597300407382e+01 -1.817596533191448316e+01 -1.818751446704095187e+01 -1.819944787499499483e+01 -1.821175383062718112e+01 -1.822441139467947480e+01 -1.823738894843404523e+01 -1.825067344364566324e+01 -1.826425742369049487e+01 -1.827810698378504384e+01 -1.829220847528947758e+01 -1.830655446659367058e+01 -1.832110848834699723e+01 -1.833587534967705679e+01 -1.835083071110008035e+01 -1.836594614657792945e+01 -1.838121997549378506e+01 -1.839662825089913767e+01 -1.841213195427700455e+01 -1.842773264986518456e+01
-2.222415663167463151e+01 -2.220396713789739351e+01 -2.218380511563922397e+01 -2.216357460293040660e+01 -2.214291488058912449e+01 -2.212085249014318933e+01 -2.209521415121815124e+01 -2.206188573884288928e+01 -2.201467234252119454e+01 -2.194665260783073180e+01 -2.185356186471422646e+01 -2.173664803160643544e+01 -2.160275541898961293e+01 -2.146088624724868055e+01 -2.131884925006757925e+01 -2.118203819546800659e+01 -2.105348387284698219e+01 -2.093453232753434889e+01 -2.082547502207984991e+01 -2.072600388624071854e+01 -2.063548652630849034e+01 -2.055315228984419207e+01 -2.047819528906910946e+01 -2.040980485168612901e+01 -2.034724131972675210e+01 -2.028979798534461665e+01 -2.023684165222111275e+01 -2.018780214796593242e+01 -2.014213099885560254e+01 -2.009932706091209198e+01 -2.005885145917995516e+01 -2.002010123549597509e+01 -1.998238242666032605e+01 -1.994473637421581458e+01 -1.990608825895062139e+01 -1.986502645999408401e+01 -1.981975939904425843e+01 -1.976827561667148458e+01 -1.972422809983507008e+01 -1.967631485289800963e+01 -1.961245001260976650e+01 -1.953366631186765900e+01 -1.944338395531746144e+01 -1.934614135088863307e+01 -1.924767492169333494e+01 -1.915342786329400937e+01 -1.906287846967709498e+01 -1.897814942256567505e+01 -1.890056108444649396e+01 -1.883064890950758041e+01 -1.876771559791960442e+01 -1.871201921647750055e+01 -1.866348022958958452e+01 -1.862138409796877525e+01 -1.858507676582217627e+01 -1.855397571497650944e+01 -1.852768245368315903e+01 -1.850527507314521358e+01 -1.848549209269796023e+01 -1.846771710546119749e+01 -1.845135266174751365e+01 -1.843635282279744558e+01 -1.842145247136684816e+01 -1.840622673295894884e+01 -1.839041626153196063e+01 -1.837414245033105331e+01 -1.835791156944005564e+01 -1.834123520744098812e+01 -1.832424914618831835e+01 -1.830733811372691733e+01 -1.829091669003803844e+01 -1.827508544988687689e+01 -1.826024574878666584e+01 -1.824634035271400023e+01 -1.823351279376030476e+01 -1.822187046488333806e+01 -1.821148518027981567e+01 -1.820240011212272080e+01 -1.819462149554910013e+01 -1.818812350541066536e+01 -1.818284466043729708e+01 -1.817874201410445423e+01 -1.817579603917137732e+01 -1.817391223347827633e+01 -1.817306394488518251e+01 -1.817315452264594100e+01 -1.817420401308876521e+01 -1.817616075173234691e+01 -1.817897803303073090e+01 -1.818262637047690689e+01 -1.818705991836517200e+01 -1.819223503262022135e+01 -1.819811629287476151e+01 -1.820466927810895541e+01 -1.821185992258058661e+01 -1.821965387989446938e+01 -1.822803056677096833e+01 -1.823695405406154180e+01 -1.824639396317095219e+01 -1.825632564220294540e+01 -1.826673049228244494e+01 -1.827756352892760461e+01 -1.828882569963323945e+01 -1.830046577949860520e+01 -1.831248887465394404e+01 -1.832485431974721735e+01 -1.833755383921163684e+01 -1.835054830647159463e+01 -1.836384321639391715e+01 -1.837739228464021934e+01 -1.839119593581893142e+01 -1.840522084549484916e+01 -1.841947416587067110e+01 -1.843391621583200291e+01 -1.844853780291526135e+01 -1.846332794873311300e+01 -1.847824753659323704e+01 -1.849329207364987937e+01 -1.850841421200084724e+01 -1.852360317327466888e+01 -1.853883174661261535e+01
-2.214423862766005158e+01 -2.212389767862220680e+01 -2.210363915453068273e+01 -2.208345656968494097e+01 -2.206334051184077083e+01 -2.204330343510535073e+01 -2.202333370201498042e+01 -2.200343579540031058e+01 -2.198359349912888305e+01 -2.196385037025414633e+01 -2.194416314898159470e+01 -2.192452603541105205e+01 -2.190493531045136422e+01 -2.188542237299983384e+01 -2.186598235432401793e+01 -2.184661202066819286e+01 -2.182728033865050321e+01 -2.180801831919967171e+01 -2.178882604327150574e+01 -2.176967883108092039e+01 -2.175058149276401309e+01 -2.173156244773854695e+01 -2.171260141076574612e+01 -2.169368221889556736e+01 -2.167483339020703781e+01 -2.165602060052240319e+01 -2.163719720043258832e+01 -2.161810911937374158e+01 -2.159794506398332459e+01 -2.157462883356105721e+01 -2.154361878201467917e+01 -2.149702694093436861e+01 -2.142432730963669485e+01 -2.131657469566561147e+01 -2.117162371173270330e+01 -2.099537773429921828e+01 -2.079789328860976383e+01 -2.058927336698580746e+01 -2.037825265373518491e+01 -2.017120481023597378e+01 -1.997305837204097045e+01 -1.978743954202885647e+01 -1.961647186583023839e+01 -1.946068548125422026e+01 -1.932023606405933336e+01 -1.919443118245144575e+01 -1.908273612411440823e+01 -1.898417936573792986e+01 -1.889787514426547332e+01 -1.882260780792390165e+01 -1.875716053132718031e+01 -1.870071066591232167e+01 -1.865198736157780601e+01 -1.861058581823831659e+01 -1.857567383169070396e+01 -1.854640649007948028e+01 -1.852203991988551479e+01 -1.850189630236191718e+01 -1.848610351307707589e+01 -1.847331187611568737e+01 -1.846288641944097364e+01 -1.845428476430368647e+01 -1.844724663645455465e+01 -1.844175956800649629e+01 -1.843695817754451483e+01 -1.843278536268511303e+01 -1.842890870106102241e+01 -1.842519348514600352e+01 -1.842209478320447147e+01 -1.841918902733905483e+01 -1.841658583310467989e+01 -1.841406575292843328e+01 -1.841143699328529593e+01 -1.840918044872910997e+01 -1.840740137109386865e+01 -1.840607182931799457e+01 -1.840534231256999931e+01 -1.840517668407102292e+01 -1.840565165487494426e+01 -1.840688014889605739e+01 -1.840893539297350046e+01 -1.840886858357687572e+01 -1.840757895125761223e+01 -1.840707969200438399e+01 -1.840739027474418776e+01 -1.840846794288249910e+01 -1.841030725541535773e+01 -1.841289545046044651e+01 -1.841615536746579807e+01 -1.842007927940733936e+01 -1.842463893384479334e+01 -1.842985417744089816e+01 -1.843565356153779788e+01 -1.844203588644577607e+01 -1.844897718696612898e+01 -1.845642857603763431e+01 -1.846440210670033366e+01 -1.847286008434474525e+01 -1.848180202556486407e+01 -1.849117411913130837e+01 -1.850098687136122777e+01 -1.851120964163514415e+01 -1.852180880460997159e+01 -1.853279159962452383e+01 -1.854412016281527542e+01 -1.855576777928642329e+01 -1.856772035835454560e+01 -1.857996169386682084e+01 -1.859247313419704639e+01 -1.860521572095296250e+01 -1.861819925749529858e+01 -1.863137845603450771e+01 -1.864475926058317157e+01 -1.865828856496266042e+01 -1.867194674974731683e+01 -1.868573240137127911e+01 -1.869955669799397313e+01 -1.871345371648330413e+01 -1.872732312227171292e+01 -1.874117122940602087e+01 -1.875490702389871700e+01
-2.208068128097012561e+01 -2.205935404289455448e+01 -2.203814245763763680e+01 -2.201704619460570456e+01 -2.199606579382629334e+01 -2.197518606737068936e+01 -2.195444233086345065e+01 -2.193382321422799208e+01 -2.191331990626537518e+01 -2.189292576858792927e+01 -2.187263599871380038e+01 -2.185247825646240472e+01 -2.183241685203416083e+01 -2.181247927916353646e+01 -2.179266190471164322e+01 -2.177293640765717342e+01 -2.175332911430929883e+01 -2.173383888778059969e+01 -2.171444269099222524e+01 -2.169516493077099284e+01 -2.167596460708608319e+01 -2.165688694515406354e+01 -2.163791354707960579e+01 -2.161901134356789456e+01 -2.160022247551120245e+01 -2.158151640956857520e+01 -2.156278867737541916e+01 -2.154360359768931588e+01 -2.152227115821744619e+01 -2.149352202728434236e+01 -2.144462740170849102e+01 -2.135383162122591827e+01 -2.120184676493452258e+01 -2.099246558210274216e+01 -2.075180596205914441e+01 -2.050698832353569045e+01 -2.027436601305943853e+01 -2.006105519454704478e+01 -1.986928036343704917e+01 -1.969873120803393718e+01 -1.954818287337065286e+01 -1.941598556420206378e+01 -1.930043975644035115e+01 -1.919991558313891744e+01 -1.911275977692078598e+01 -1.903757383561876892e+01 -1.897322167134047177e+01 -1.891829272990264954e+01 -1.887037454796431746e+01 -1.883003182600310765e+01 -1.879636887366948628e+01 -1.876870885358164998e+01 -1.874639548944665535e+01 -1.872878590279116651e+01 -1.871545647704125059e+01 -1.870555581980312709e+01 -1.869771237302378708e+01 -1.869237561815188187e+01 -1.868898825101870997e+01 -1.868704026411789343e+01 -1.868579559445715077e+01 -1.868415555524896732e+01 -1.868137328297003208e+01 -1.867744994022198668e+01 -1.867219167567649052e+01 -1.866556635554051979e+01 -1.865757731917779338e+01 -1.864731592022273077e+01 -1.863638802010785511e+01 -1.862523332971479917e+01 -1.861421504115666536e+01 -1.860376577121419928e+01 -1.859366424154294251e+01 -1.858405892025412598e+01 -1.857577192930402177e+01 -1.856884539094775732e+01 -1.856339215099108841e+01 -1.855950022874658956e+01 -1.855659618311287318e+01 -1.855506565580864020e+01 -1.855391351518666454e+01 -1.855377359822183791e+01 -1.855486303128669689e+01 -1.855730078736980815e+01 -1.856080946217242911e+01 -1.856520761954867282e+01 -1.857047380570331185e+01 -1.857662303808093895e+01 -1.858354256723190190e+01 -1.859116667822358338e+01 -1.859842715432355575e+01 -1.860614413141203727e+01 -1.861462612718376874e+01 -1.862298531959189773e+01 -1.863189914829064975e+01 -1.864130390042619112e+01 -1.865120853243941568e+01 -1.866152358508707820e+01 -1.867227334835785868e+01 -1.868337974836406445e+01 -1.869484217121351577e+01 -1.870661534435056339e+01 -1.871869386325817786e+01 -1.873104779760550187e+01 -1.874366718157432743e+01 -1.875649068737322622e+01 -1.876952553263884127e+01 -1.878275300831460726e+01 -1.879609721888994045e+01 -1.880961226744708625e+01 -1.882321442507796405e+01 -1.883716685612183994e+01 -1.885148988938900061e+01 -1.886579100706791579e+01 -1.888008458974200821e+01 -1.889425144447300653e+01 -1.890829787828285191e+01 -1.892219620192391005e+01 -1.893580416413535872e+01 -1.894915641904308146e+01 -1.896205584479690032e+01
-2.202849221828874349e+01 -2.200613189436683115e+01 -2.198388633364109168e+01 -2.196173759289521499e+01 -2.193975557310177393e+01 -2.191786116860655298e+01 -2.189609370191128335e+01 -2.187448620409588429e+01 -2.185297328477776801e+01 -2.183162038714722541e+01 -2.181036934230784397e+01 -2.178928028431899833e+01 -2.176832656329385429e+01 -2.174753533880400624e+01 -2.172685977593318896e+01 -2.170632813445762110e+01 -2.168596415432028124e+01 -2.166572724259284399e+01 -2.164564181726467851e+01 -2.162569166870018478e+01 -2.160589869795995455e+01 -2.158624773231744953e+01 -2.156675835888731640e+01 -2.154740098211446409e+01 -2.152818041388962556e+01 -2.150911489054640313e+01 -2.149019284452349154e+01 -2.147140464230593082e+01 -2.145276696249813853e+01 -2.143425840764102119e+01 -2.141588371410226088e+01 -2.139764695878996648e+01 -2.137954120816444004e+01 -2.136156066482045190e+01 -2.134371009880863923e+01 -2.132597519887146831e+01 -2.130837045753302661e+01 -2.129088274752282572e+01 -2.127350915058882208e+01 -2.125624728647041906e+01 -2.123910276656881635e+01 -2.122205870936030436e+01 -2.120512175162374291e+01 -2.118829097330380762e+01 -2.117155279230080822e+01 -2.115491436857677954e+01 -2.113837001902847845e+01 -2.112191501643345859e+01 -2.110554547263021874e+01 -2.108926356798689383e+01 -2.107306620419712218e+01 -2.105695088899159373e+01 -2.104090611371637820e+01 -2.102494060353176764e+01 -2.100904876899079099e+01 -2.099323454754800622e+01 -2.097744791581498802e+01 -2.096177736163128102e+01 -2.094611520960530626e+01 -2.093055391611968830e+01 -2.091503071152501292e+01 -2.089956052472089354e+01 -2.088412333573155522e+01 -2.086876640541031591e+01 -2.085340689790369595e+01 -2.083809320793272235e+01 -2.082278104066728375e+01 -2.080734892933202218e+01 -2.079145115822938905e+01 -2.077435478702454574e+01 -2.075433930247973890e+01 -2.072846041440619658e+01 -2.069254675182837744e+01 -2.064189375479358546e+01 -2.057332611197862704e+01 -2.048695561938807330e+01 -2.038659163216393111e+01 -2.027823059115229398e+01 -2.016792559906778237e+01 -2.006046577196778813e+01 -1.995904182661579185e+01 -1.986544042257737530e+01 -1.978041547378574450e+01 -1.970410318132100969e+01 -1.963623764113062364e+01 -1.957637735471075047e+01 -1.952389328315980777e+01 -1.947819528906910946e+01 -1.943866005854109957e+01 -1.940469120455592744e+01 -1.937573853622124531e+01 -1.935128879170111915e+01 -1.933086915262666849e+01 -1.931405235613257432e+01 -1.930045710497259748e+01 -1.928973027758723546e+01 -1.928155644239156530e+01 -1.927565858146211397e+01 -1.927176799985980438e+01 -1.926967001350240949e+01 -1.926915315002943885e+01 -1.927003380179626646e+01 -1.927213355053251220e+01 -1.927530642532741467e+01 -1.927940248712846483e+01 -1.928428906837772061e+01 -1.928984877309081725e+01 -1.929596107512944059e+01 -1.930251782843881259e+01 -1.930939640619972053e+01 -1.931651168333536717e+01 -1.932373632607630043e+01 -1.933098081080491681e+01 -1.933813054765239769e+01 -1.934510183876702882e+01 -1.935178640509571579e+01 -1.935803040229794192e+01 -1.936369267930409066e+01 -1.936860696928724224e+01 -1.937260341611115066e+01 -1.937548070593268434e+01
-2.297753038723223185e+01 -2.295249149440598657e+01 -2.292738252345476369e+01 -2.290225694105512133e+01 -2.287706362698369489e+01 -2.285179851254148886e+01 -2.282652235654700590e+01 -2.280117802239679392e+01 -2.277582964831081824e+01 -2.275041034222705605e+01 -2.272496520743860415e+01 -2.269949147065671013e+01 -2.267397153166299262e+01 -2.264841625575826711e+01 -2.262283950979301395e+01 -2.259720575135909826e+01 -2.257155741972001195e+01 -2.254588719997418522e+01 -2.252016565868063935e+01 -2.249442950255683016e+01 -2.246866161272999207e+01 -2.244285385768163721e+01 -2.241701672583747751e+01 -2.239114248879499058e+01 -2.236525075119233463e+01 -2.233931472521021533e+01 -2.231335479472918948e+01 -2.228736713181847406e+01 -2.226133833401495465e+01 -2.223527853892038664e+01 -2.220918724592588234e+01 -2.218305644038451518e+01 -2.215689809074434180e+01 -2.213069785984643190e+01 -2.210446696051592852e+01 -2.207819911469425378e+01 -2.205190015210223109e+01 -2.202555739459456063e+01 -2.199917562339439314e+01 -2.197277274593274399e+01 -2.194630706121504815e+01 -2.191980658057152098e+01 -2.189329926763764433e+01 -2.186671663413901001e+01 -2.184010209896590382e+01 -2.181346743540760258e+01 -2.178677452722659780e+01 -2.176002519888306352e+01 -2.173325103409179704e+01 -2.170643857732419946e+01 -2.167958366254383051e+01 -2.165268950397480907e+01 -2.162574670189824388e+01 -2.159875459209451165e+01 -2.157171938529282329e+01 -2.154465256360581193e+01 -2.151754090820251264e+01 -2.149039429538844459e+01 -2.146320175169558198e+01 -2.143597342273452355e+01 -2.140870160503589048e+01 -2.138138716455581800e+01 -2.135403765491560790e+01 -2.132665648858255736e+01 -2.129923572808532839e+01 -2.127177611986619965e+01 -2.124426231161250556e+01 -2.121662532475821905e+01 -2.118859928305590401e+01 -2.115951124233685121e+01 -2.112780875192329333e+01 -2.109053490399961106e+01 -2.104309715703558581e+01 -2.098001184040871436e+01 -2.089705203199462602e+01 -2.079376797567369906e+01 -2.067421760248419460e+01 -2.054544476619889082e+01 -2.041455055101415184e+01 -2.028708946336501739e+01 -2.016664248799056836e+01 -2.005512269403630299e+01 -1.995327077773351476e+01 -1.986116068758567721e+01 -1.977835107180776930e+01 -1.970463085148999482e+01 -1.963902811627406564e+01 -1.958085414802145863e+01 -1.952936903631509225e+01 -1.948391435697570984e+01 -1.944724663645455465e+01 -1.942148685685783960e+01 -1.940035705657607323e+01 -1.938335647238260151e+01 -1.937000969106332349e+01 -1.935990632154697977e+01 -1.935264637509853358e+01 -1.934790844630363438e+01 -1.934537110308541941e+01 -1.934475588691220338e+01 -1.934580419937026008e+01 -1.934830534077235242e+01 -1.935203054163702774e+01 -1.935678427604232610e+01 -1.936242021875665031e+01 -1.936873891661673852e+01 -1.937560444536849502e+01 -1.938286330762238663e+01 -1.939038425004693522e+01 -1.939802687625546795e+01 -1.940566270689062023e+01 -1.941314275158274327e+01 -1.942035357066818690e+01 -1.942714001010668667e+01 -1.943338576176088139e+01 -1.943893441132728839e+01 -1.944369749923271229e+01 -1.944744128369472591e+01 -1.945000414846935044e+01 -1.945116852682584607e+01 -1.945072692128140091e+01
-2.292587869409370072e+01 -2.290042293908329185e+01 -2.287500697997410626e+01 -2.284951987772966575e+01 -2.282405352990445380e+01 -2.279857556242008698e+01 -2.277306515998740011e+01 -2.274753533880400624e+01 -2.272200135579971203e+01 -2.269643678408275278e+01 -2.267084628920718004e+01 -2.264525787657583322e+01 -2.261964401758320520e+01 -2.259400515880819427e+01 -2.256834680265342286e+01 -2.254266320484194708e+01 -2.251695501818528555e+01 -2.249122795172907274e+01 -2.246547892801427437e+01 -2.243971069448365441e+01 -2.241391929253909865e+01 -2.238809621589848220e+01 -2.236225017197167730e+01 -2.233638386922912389e+01 -2.231047804250021827e+01 -2.228455658890478475e+01 -2.225860412994875404e+01 -2.223262147588581783e+01 -2.220660778468264596e+01 -2.218056136073259665e+01 -2.215449267524958898e+01 -2.212838620533626255e+01 -2.210225198277945324e+01 -2.207607760243324790e+01 -2.204987865248862633e+01 -2.202364084908762365e+01 -2.199735885099995869e+01 -2.197106292292932039e+01 -2.194473637421581458e+01 -2.191832871270907646e+01 -2.189194262621614584e+01 -2.186547228220266348e+01 -2.183899156269399811e+01 -2.181245107913872872e+01 -2.178587173817658851e+01 -2.175927607068115321e+01 -2.173261704457576471e+01 -2.170593077252910774e+01 -2.167921002230119498e+01 -2.165243582158504765e+01 -2.162561830194911749e+01 -2.159875459209451165e+01 -2.157186520597121060e+01 -2.154492662407887593e+01 -2.151794148290868947e+01 -2.149091850537747561e+01 -2.146385837709496514e+01 -2.143675629885960277e+01 -2.140960405281598611e+01 -2.138242308051900054e+01 -2.135518734966649035e+01 -2.132792062307374792e+01 -2.130061327295626583e+01 -2.127327279097342938e+01 -2.124589640618438580e+01 -2.121847439559660486e+01 -2.119102647334673151e+01 -2.116354928627984577e+01 -2.113604103732632922e+01 -2.110850156925900833e+01 -2.108093760529853355e+01 -2.105335617673259563e+01 -2.102576011419345647e+01 -2.099813653730747731e+01 -2.097053505336176471e+01 -2.094290471038733159e+01 -2.091528076798870117e+01 -2.088766316425468261e+01 -2.086008944412431632e+01 -2.083253497115691033e+01 -2.080501415657412068e+01 -2.077751764286108838e+01 -2.075009267006408109e+01 -2.072275762721864112e+01 -2.069548793037576573e+01 -2.066830957443037065e+01 -2.064124686023847843e+01 -2.061428650643276939e+01 -2.058747225552798810e+01 -2.056080946217242911e+01 -2.053430492573743038e+01 -2.050795238265247278e+01 -2.048178885574751007e+01 -2.045585751154785470e+01 -2.043009963731528700e+01 -2.040453684754118768e+01 -2.037914592214164600e+01 -2.035389047802115314e+01 -2.032880863765923962e+01 -2.030391458369017599e+01 -2.027922897919536993e+01 -2.025481586745765483e+01 -2.023061528802609033e+01 -2.020659380764602631e+01 -2.018273219433120502e+01 -2.015909759269947088e+01 -2.013557792283205217e+01 -2.011209589000447551e+01 -2.008860266293739016e+01 -2.006510783228008421e+01 -2.004147911836051321e+01 -2.001763377543183609e+01 -1.999349117222471151e+01 -1.996899571863646372e+01 -1.994408677608385005e+01 -1.991858067586506564e+01 -1.989238307000821493e+01 -1.986559974408101681e+01 -1.983788385893763007e+01 -1.980910828307782978e+01 -1.977908163644344697e+01
