8.349999999999999600e-11 1.799999999999999988e-09 0.000000000000000000e+00 0.000000000000000000e+00 1.299999999999999905e-10 8.489999999999999569e-12 7.300000000000000641e-11 9.600000000000000453e-11
8.434000000000000292e-11 1.799999999999999988e-09 0.000000000000000000e+00 0.000000000000000000e+00 1.290999999999999988e-10 8.786999999999999616e-12 7.347000000000000582e-11 9.623999999999999543e-11
8.523999999999999464e-11 1.799999999999999988e-09 0.000000000000000000e+00 0.000000000000000000e+00 1.282000000000000071e-10 9.101000000000000095e-12 7.397999999999999940e-11 9.648999999999999457e-11
8.622000000000000056e-11 1.799999999999999988e-09 0.000000000000000000e+00 0.000000000000000000e+00 1.272000000000000105e-10 9.434000000000000393e-12 7.450999999999999654e-11 9.675000000000000194e-11
8.726999999999999952e-11 1.799999999999999988e-09 0.000000000000000000e+00 0.000000000000000000e+00 1.263999999999999978e-10 9.786999999999999394e-12 7.507000000000000546e-11 9.703999999999999525e-11
8.839000000000000444e-11 1.799999999999999988e-09 0.000000000000000000e+00 0.000000000000000000e+00 1.256999999999999899e-10 1.016000000000000033e-11 7.566999999999999564e-11 9.733000000000000149e-11
8.958000000000000240e-11 1.799999999999999988e-09 0.000000000000000000e+00 0.000000000000000000e+00 1.249000000000000030e-10 1.056000000000000024e-11 7.629999999999999760e-11 9.764999999999999366e-11
9.085000000000000164e-11 1.799999999999999988e-09 0.000000000000000000e+00 0.000000000000000000e+00 1.241999999999999950e-10 1.098000000000000047e-11 7.696999999999999373e-11 9.797999999999999408e-11
9.218999999999999391e-11 1.799999999999999988e-09 0.000000000000000000e+00 0.000000000000000000e+00 1.234999999999999871e-10 1.141999999999999940e-11 7.767999999999999697e-11 9.834000000000000627e-11
9.361000000000000038e-11 1.799999999999999988e-09 0.000000000000000000e+00 0.000000000000000000e+00 1.227000000000000002e-10 1.189000000000000043e-11 7.842999999999999438e-11 9.871999999999999617e-11
9.510999999999999520e-11 1.799999999999999988e-09 0.000000000000000000e+00 0.000000000000000000e+00 1.218000000000000085e-10 1.239000000000000032e-11 7.922999999999999420e-11 9.910999999999999431e-11
9.667999999999999598e-11 1.799999999999999988e-09 0.000000000000000000e+00 0.000000000000000000e+00 1.209999999999999957e-10 1.292000000000000069e-11 8.007000000000000112e-11 9.953000000000000423e-11
9.834000000000000627e-11 1.799999999999999988e-09 0.000000000000000000e+00 0.000000000000000000e+00 1.199999999999999992e-10 1.347999999999999991e-11 8.095999999999999753e-11 9.998000000000000009e-11
1.016999999999999952e-10 1.799999999999999988e-09 0.000000000000000000e+00 0.000000000000000000e+00 1.197000000000000106e-10 1.363999999999999923e-11 8.089000000000000449e-11 9.898000000000000355e-11
1.053000000000000009e-10 1.799999999999999988e-09 0.000000000000000000e+00 0.000000000000000000e+00 1.192999999999999913e-10 1.379000000000000001e-11 8.076000000000000081e-11 9.785000000000000331e-11
1.088999999999999936e-10 1.799999999999999988e-09 0.000000000000000000e+00 0.000000000000000000e+00 1.188999999999999978e-10 1.394999999999999933e-11 8.062999999999999712e-11 9.666000000000000535e-11
1.126000000000000041e-10 1.799999999999999988e-09 0.000000000000000000e+00 0.000000000000000000e+00 1.185000000000000044e-10 1.411000000000000026e-11 8.048999999999999812e-11 9.539000000000000612e-11
1.163999999999999935e-10 1.799999999999999988e-09 0.000000000000000000e+00 0.000000000000000000e+00 1.180000000000000061e-10 1.428999999999999990e-11 8.034000000000000381e-11 9.405000000000000093e-11
1.202999999999999878e-10 1.799999999999999988e-09 0.000000000000000000e+00 0.000000000000000000e+00 1.175000000000000078e-10 1.447999999999999969e-11 8.018000000000000126e-11 9.262999999999999446e-11
1.242999999999999999e-10 1.799999999999999988e-09 0.000000000000000000e+00 0.000000000000000000e+00 1.170000000000000096e-10 1.468000000000000126e-11 8.001000000000000340e-11 9.112999999999999964e-11
1.283999999999999909e-10 1.799999999999999988e-09 0.000000000000000000e+00 0.000000000000000000e+00 1.170000000000000096e-10 1.488999999999999976e-11 7.968000000000000299e-11 8.969999999999999785e-11
1.326000000000000126e-10 1.799999999999999988e-09 0.000000000000000000e+00 0.000000000000000000e+00 1.170000000000000096e-10 1.511999999999999858e-11 7.930000000000000016e-11 8.820000000000000303e-11
1.368999999999999874e-10 1.799999999999999988e-09 0.000000000000000000e+00 0.000000000000000000e+00 1.170000000000000096e-10 1.535999999999999917e-11 7.889999999999999379e-11 8.660999999999999870e-11
1.413999999999999977e-10 1.799999999999999988e-09 0.000000000000000000e+00 0.000000000000000000e+00 1.170000000000000096e-10 1.561000000000000154e-11 7.847999999999999679e-11 8.492999999999999778e-11
1.459000000000000080e-10 1.799999999999999988e-09 0.000000000000000000e+00 0.000000000000000000e+00 1.170000000000000096e-10 1.588000000000000100e-11 7.803999999999999624e-11 8.315000000000000496e-11
1.506000000000000021e-10 1.799999999999999988e-09 0.000000000000000000e+00 0.000000000000000000e+00 1.172999999999999982e-10 1.595000000000000050e-11 7.756999999999999683e-11 8.169999999999999963e-11
1.554000000000000010e-10 1.799999999999999988e-09 0.000000000000000000e+00 0.000000000000000000e+00 1.176000000000000127e-10 1.602000000000000000e-11 7.706999999999999856e-11 8.020000000000000481e-11
1.603000000000000048e-10 1.799999999999999988e-09 0.000000000000000000e+00 0.000000000000000000e+00 1.180000000000000061e-10 1.608000000000000095e-11 7.654000000000000142e-11 7.861000000000000048e-11
1.654999999999999972e-10 1.799999999999999988e-09 0.000000000000000000e+00 0.000000000000000000e+00 1.182999999999999947e-10 1.615000000000000045e-11 7.598000000000000542e-11 7.695000000000000311e-11
1.743999999999999871e-10 1.799999999999999988e-09 0.000000000000000000e+00 0.000000000000000000e+00 1.186999999999999882e-10 1.622999999999999850e-11 7.538000000000000232e-11 7.576000000000000515e-11
1.834000000000000077e-10 1.799999999999999988e-09 0.000000000000000000e+00 0.000000000000000000e+00 1.192000000000000123e-10 1.630999999999999977e-11 7.475000000000000036e-11 7.450999999999999654e-11
1.925000000000000073e-10 1.799999999999999988e-09 0.000000000000000000e+00 0.000000000000000000e+00 1.196000000000000058e-10 1.639000000000000105e-11 7.408999999999999954e-11 7.317000000000000427e-11
2.017999999999999907e-10 1.799999999999999988e-09 0.000000000000000000e+00 0.000000000000000000e+00 1.201000000000000040e-10 1.648000000000000086e-11 7.369000000000000609e-11 7.207000000000000290e-11
2.113000000000000096e-10 1.799999999999999988e-09 0.000000000000000000e+00 0.000000000000000000e+00 1.206000000000000023e-10 1.657000000000000068e-11 7.331999999999999858e-11 7.094999999999999798e-11
2.210000000000000123e-10 1.799999999999999988e-09 0.000000000000000000e+00 0.000000000000000000e+00 1.211000000000000006e-10 1.666999999999999904e-11 7.292000000000000513e-11 6.992000000000000257e-11
2.307999999999999940e-10 1.799999999999999988e-09 0.000000000000000000e+00 0.000000000000000000e+00 1.218000000000000085e-10 1.677000000000000064e-11 7.249999999999999521e-11 6.950000000000000557e-11
2.407999999999999853e-10 1.799999999999999988e-09 0.000000000000000000e+00 0.000000000000000000e+00 1.225999999999999954e-10 1.688999999999999932e-11 7.205999999999999466e-11 6.906000000000000502e-11
2.510999999999999911e-10 1.799999999999999988e-09 0.000000000000000000e+00 0.000000000000000000e+00 1.234000000000000081e-10 1.699999999999999946e-11 7.158999999999999525e-11 6.816999999999999569e-11
2.614999999999999759e-10 1.799999999999999988e-09 0.000000000000000000e+00 0.000000000000000000e+00 1.241999999999999950e-10 1.712999999999999991e-11 7.108999999999999698e-11 6.716999999999999914e-11
2.722000000000000009e-10 1.799999999999999988e-09 0.000000000000000000e+00 0.000000000000000000e+00 1.251000000000000126e-10 1.726000000000000037e-11 7.100000000000000039e-11 6.700000000000000128e-11
2.830000000000000050e-10 1.799999999999999988e-09 0.000000000000000000e+00 0.000000000000000000e+00 1.260000000000000043e-10 1.739999999999999937e-11 7.100000000000000039e-11 6.700000000000000128e-11
3.081999999999999800e-10 1.852999999999999908e-09 0.000000000000000000e+00 0.000000000000000000e+00 1.268999999999999961e-10 1.754000000000000160e-11 7.100000000000000039e-11 6.669999999999999973e-11
3.334999999999999857e-10 1.909999999999999815e-09 0.000000000000000000e+00 0.000000000000000000e+00 1.277999999999999878e-10 1.768999999999999914e-11 7.100000000000000039e-11 6.639000000000000287e-11
3.592000000000000107e-10 1.970000000000000021e-09 0.000000000000000000e+00 0.000000000000000000e+00 1.288000000000000102e-10 1.784999999999999846e-11 7.100000000000000039e-11 6.606000000000000246e-11
3.850999999999999936e-10 2.032999999999999907e-09 0.000000000000000000e+00 0.000000000000000000e+00 1.299000000000000115e-10 1.801999999999999955e-11 7.070999999999999415e-11 6.600000000000000473e-11
4.113999999999999959e-10 2.100000000000000193e-09 0.000000000000000000e+00 0.000000000000000000e+00 1.310000000000000129e-10 1.819999999999999919e-11 7.033000000000000425e-11 6.600000000000000473e-11
4.379999999999999867e-10 2.171000000000000051e-09 0.000000000000000000e+00 0.000000000000000000e+00 1.321999999999999933e-10 1.839000000000000060e-11 7.006000000000000157e-11 6.600000000000000473e-11
4.649000000000000179e-10 2.247000000000000202e-09 0.000000000000000000e+00 0.000000000000000000e+00 1.333999999999999995e-10 1.859000000000000056e-11 7.047999999999999857e-11 6.600000000000000473e-11
4.923000000000000474e-10 2.326000000000000033e-09 0.000000000000000000e+00 0.000000000000000000e+00 1.347999999999999895e-10 1.879000000000000051e-11 7.091999999999999911e-11 6.600000000000000473e-11
5.200999999999999928e-10 2.411000000000000049e-09 0.000000000000000000e+00 0.000000000000000000e+00 1.362000000000000053e-10 1.899000000000000047e-11 7.100000000000000039e-11 6.639000000000000287e-11
5.482000000000000301e-10 2.500000000000000052e-09 0.000000000000000000e+00 0.000000000000000000e+00 1.377000000000000001e-10 1.921000000000000074e-11 7.100000000000000039e-11 6.689000000000000114e-11
5.769000000000000448e-10 2.594999999999999828e-09 0.000000000000000000e+00 0.000000000000000000e+00 1.392999999999999998e-10 1.943999999999999956e-11 7.100000000000000039e-11 6.700000000000000128e-11
6.059999999999999753e-10 2.696000000000000203e-09 0.000000000000000000e+00 0.000000000000000000e+00 1.408999999999999994e-10 1.968999999999999870e-11 7.100000000000000039e-11 6.700000000000000128e-11
6.355999999999999558e-10 2.767999999999999954e-09 0.000000000000000000e+00 0.000000000000000000e+00 1.426000000000000039e-10 1.994999999999999961e-11 7.144999999999999625e-11 6.744999999999999714e-11
6.658000000000000169e-10 2.842999999999999798e-09 0.000000000000000000e+00 0.000000000000000000e+00 1.443000000000000083e-10 2.023000000000000084e-11 7.194999999999999452e-11 6.794999999999999541e-11
6.965000000000000247e-10 2.922999999999999936e-09 0.000000000000000000e+00 0.000000000000000000e+00 1.461999999999999966e-10 2.052000000000000061e-11 7.248999999999999990e-11 6.849000000000000079e-11
7.278000000000000096e-10 3.007000000000000059e-09 0.000000000000000000e+00 0.000000000000000000e+00 1.481999999999999897e-10 2.083000000000000071e-11 7.301999999999999703e-11 6.904999999999999678e-11
7.596999999999999719e-10 3.096000000000000062e-09 0.000000000000000000e+00 0.000000000000000000e+00 1.502999999999999876e-10 2.114999999999999934e-11 7.331999999999999858e-11 6.964000000000000457e-11
7.922000000000000147e-10 3.190999999999999837e-09 0.000000000000000000e+00 0.000000000000000000e+00 1.524999999999999904e-10 2.150000000000000007e-11 7.364000000000000368e-11 7.026999999999999360e-11
8.253000000000000348e-10 3.290999999999999906e-09 0.000000000000000000e+00 0.000000000000000000e+00 1.547999999999999979e-10 2.187000000000000112e-11 7.397000000000000409e-11 7.094000000000000266e-11
8.591999999999999902e-10 3.364999999999999857e-09 0.000000000000000000e+00 0.000000000000000000e+00 1.568999999999999959e-10 2.214999999999999912e-11 7.464999999999999554e-11 7.132000000000000549e-11
8.937999999999999534e-10 3.440000000000000115e-09 0.000000000000000000e+00 0.000000000000000000e+00 1.592000000000000034e-10 2.243999999999999889e-11 7.540000000000000587e-11 7.169999999999999539e-11
9.291000000000000279e-10 3.518999999999999946e-09 0.000000000000000000e+00 0.000000000000000000e+00 1.615999999999999900e-10 2.274999999999999899e-11 7.610000000000000087e-11 7.218999999999999835e-11
9.650999999999999036e-10 3.603000000000000069e-09 0.000000000000000000e+00 0.000000000000000000e+00 1.641000000000000072e-10 2.307999999999999940e-11 7.651999999999999787e-11 7.303000000000000527e-11
1.002000000000000055e-09 3.692000000000000072e-09 0.000000000000000000e+00 0.000000000000000000e+00 1.668000000000000082e-10 2.342000000000000158e-11 7.695999999999999842e-11 7.392000000000000168e-11
1.039999999999999924e-09 3.787000000000000261e-09 0.000000000000000000e+00 0.000000000000000000e+00 1.691999999999999947e-10 2.378999999999999940e-11 7.786999999999999838e-11 7.442999999999999527e-11
1.078000000000000000e-09 3.887000000000000329e-09 0.000000000000000000e+00 0.000000000000000000e+00 1.717000000000000120e-10 2.416999999999999899e-11 7.886999999999999493e-11 7.492999999999999354e-11
1.118000000000000068e-09 3.992999999999999756e-09 0.000000000000000000e+00 0.000000000000000000e+00 1.743000000000000081e-10 2.458000000000000068e-11 7.946000000000000271e-11 7.546000000000000360e-11
1.159000000000000030e-09 4.103000000000000410e-09 0.000000000000000000e+00 0.000000000000000000e+00 1.770999999999999881e-10 2.500999999999999945e-11 8.004000000000000226e-11 7.601999999999999960e-11
1.219999999999999923e-09 4.176999999999999948e-09 0.000000000000000000e+00 0.000000000000000000e+00 1.797999999999999892e-10 2.534999999999999841e-11 8.092999999999999867e-11 7.662000000000000270e-11
1.283000000000000016e-09 4.256000000000000192e-09 0.000000000000000000e+00 0.000000000000000000e+00 1.825999999999999950e-10 2.569999999999999914e-11 8.186999999999999749e-11 7.725000000000000466e-11
1.345999999999999901e-09 4.339000000000000009e-09 0.000000000000000000e+00 0.000000000000000000e+00 1.856000000000000105e-10 2.607000000000000019e-11 8.286999999999999404e-11 7.791000000000000548e-11
1.410999999999999987e-09 4.426999999999999705e-09 0.000000000000000000e+00 0.000000000000000000e+00 1.888000000000000098e-10 2.647000000000000010e-11 8.330999999999999459e-11 7.861999999999999579e-11
1.476000000000000073e-09 4.520999999999999587e-09 0.000000000000000000e+00 0.000000000000000000e+00 1.921999999999999929e-10 2.689000000000000033e-11 8.368000000000000210e-11 7.937000000000000612e-11
1.542999999999999945e-09 4.615999999999999776e-09 0.000000000000000000e+00 0.000000000000000000e+00 1.957000000000000066e-10 2.733000000000000088e-11 8.415999999999999682e-11 8.007999999999999643e-11
1.612000000000000017e-09 4.699999999999999900e-09 0.000000000000000000e+00 0.000000000000000000e+00 1.995000000000000090e-10 2.780000000000000029e-11 8.500000000000000374e-11 8.050000000000000636e-11
1.681000000000000089e-09 4.788999999999999903e-09 0.000000000000000000e+00 0.000000000000000000e+00 2.034999999999999952e-10 2.817000000000000134e-11 8.589000000000000015e-11 8.093999999999999398e-11
1.751999999999999947e-09 4.882999999999999785e-09 0.000000000000000000e+00 0.000000000000000000e+00 2.069000000000000041e-10 2.857000000000000125e-11 8.600000000000000029e-11 8.141000000000000632e-11
1.823999999999999905e-09 4.982999999999999853e-09 0.000000000000000000e+00 0.000000000000000000e+00 2.103999999999999921e-10 2.899000000000000148e-11 8.600000000000000029e-11 8.191000000000000459e-11
1.897999999999999856e-09 5.087999999999999801e-09 0.000000000000000000e+00 0.000000000000000000e+00 2.145000000000000089e-10 2.943000000000000203e-11 8.600000000000000029e-11 8.156000000000000063e-11
1.974000000000000008e-09 5.200000000000000241e-09 0.000000000000000000e+00 0.000000000000000000e+00 2.189999999999999934e-10 2.990000000000000144e-11 8.600000000000000029e-11 8.100000000000000463e-11
2.209000000000000127e-09 5.252999999999999955e-09 0.000000000000000000e+00 0.000000000000000000e+00 2.189999999999999934e-10 2.990000000000000144e-11 8.600000000000000029e-11 8.100000000000000463e-11
2.445000000000000139e-09 5.310000000000000068e-09 0.000000000000000000e+00 0.000000000000000000e+00 2.189999999999999934e-10 2.990000000000000144e-11 8.578000000000000002e-11 8.078000000000000436e-11
2.683999999999999831e-09 5.370000000000000274e-09 0.000000000000000000e+00 0.000000000000000000e+00 2.189999999999999934e-10 2.990000000000000144e-11 8.511000000000000388e-11 8.010999999999999530e-11
2.925000000000000136e-09 5.432999999999999747e-09 0.000000000000000000e+00 0.000000000000000000e+00 2.189999999999999934e-10 2.990000000000000144e-11 8.500000000000000374e-11 7.999999999999999516e-11
3.167999999999999813e-09 5.499999999999999619e-09 0.000000000000000000e+00 0.000000000000000000e+00 2.189999999999999934e-10 2.990000000000000144e-11 8.500000000000000374e-11 7.999999999999999516e-11
3.413999999999999998e-09 5.570999999999999891e-09 0.000000000000000000e+00 0.000000000000000000e+00 2.189999999999999934e-10 2.990000000000000144e-11 8.500000000000000374e-11 7.999999999999999516e-11
3.662999999999999862e-09 5.647000000000000042e-09 0.000000000000000000e+00 0.000000000000000000e+00 2.189999999999999934e-10 2.990000000000000144e-11 8.500000000000000374e-11 7.999999999999999516e-11
3.914999999999999819e-09 5.726000000000000286e-09 0.000000000000000000e+00 0.000000000000000000e+00 2.189999999999999934e-10 2.990000000000000144e-11 8.500000000000000374e-11 7.999999999999999516e-11
4.170000000000000282e-09 5.810999999999999889e-09 0.000000000000000000e+00 0.000000000000000000e+00 2.189999999999999934e-10 2.990000000000000144e-11 8.500000000000000374e-11 7.999999999999999516e-11
4.428000000000000012e-09 5.899999999999999892e-09 0.000000000000000000e+00 0.000000000000000000e+00 2.189999999999999934e-10 2.990000000000000144e-11 8.500000000000000374e-11 7.999999999999999516e-11
4.690000000000000141e-09 5.995000000000000081e-09 0.000000000000000000e+00 0.000000000000000000e+00 2.189999999999999934e-10 2.990000000000000144e-11 8.500000000000000374e-11 7.999999999999999516e-11
4.955999999999999843e-09 6.095999999999999629e-09 0.000000000000000000e+00 0.000000000000000000e+00 2.189999999999999934e-10 2.990000000000000144e-11 8.500000000000000374e-11 7.999999999999999516e-11
5.227000000000000251e-09 6.157000000000000142e-09 0.000000000000000000e+00 0.000000000000000000e+00 2.189999999999999934e-10 2.990000000000000144e-11 8.500000000000000374e-11 7.999999999999999516e-11
5.500999999999999926e-09 6.219000000000000134e-09 0.000000000000000000e+00 0.000000000000000000e+00 2.189999999999999934e-10 2.990000000000000144e-11 8.500000000000000374e-11 7.999999999999999516e-11
5.780000000000000306e-09 6.286000000000000006e-09 0.000000000000000000e+00 0.000000000000000000e+00 2.189999999999999934e-10 2.990000000000000144e-11 8.500000000000000374e-11 7.999999999999999516e-11
6.063999999999999739e-09 6.355999999999999972e-09 0.000000000000000000e+00 0.000000000000000000e+00 2.189999999999999934e-10 2.990000000000000144e-11 8.500000000000000374e-11 7.999999999999999516e-11
6.349999999999999785e-09 6.430000000000000336e-09 0.000000000000000000e+00 0.000000000000000000e+00 2.189999999999999934e-10 2.990000000000000144e-11 8.500000000000000374e-11 7.999999999999999516e-11
6.640999999999999711e-09 6.508999999999999753e-09 0.000000000000000000e+00 0.000000000000000000e+00 2.189999999999999934e-10 2.990000000000000144e-11 8.500000000000000374e-11 7.999999999999999516e-11
6.937999999999999823e-09 6.592999999999999877e-09 0.000000000000000000e+00 0.000000000000000000e+00 2.189999999999999934e-10 2.990000000000000144e-11 8.500000000000000374e-11 7.999999999999999516e-11
7.241000000000000121e-09 6.648999999999999684e-09 0.000000000000000000e+00 0.000000000000000000e+00 2.189999999999999934e-10 2.990000000000000144e-11 8.500000000000000374e-11 7.999999999999999516e-11
7.549000000000000298e-09 6.705000000000000317e-09 0.000000000000000000e+00 0.000000000000000000e+00 2.189999999999999934e-10 2.990000000000000144e-11 8.500000000000000374e-11 7.999999999999999516e-11
7.864000000000000141e-09 6.764000000000000217e-09 0.000000000000000000e+00 0.000000000000000000e+00 2.189999999999999934e-10 2.990000000000000144e-11 8.500000000000000374e-11 7.999999999999999516e-11
8.185999999999999649e-09 6.827999999999999996e-09 0.000000000000000000e+00 0.000000000000000000e+00 2.189999999999999934e-10 2.990000000000000144e-11 8.500000000000000374e-11 7.999999999999999516e-11
8.513999999999999344e-09 6.894000000000000388e-09 0.000000000000000000e+00 0.000000000000000000e+00 2.189999999999999934e-10 2.990000000000000144e-11 8.500000000000000374e-11 7.999999999999999516e-11
8.849000000000000358e-09 6.964999999999999833e-09 0.000000000000000000e+00 0.000000000000000000e+00 2.189999999999999934e-10 2.990000000000000144e-11 8.500000000000000374e-11 7.999999999999999516e-11
9.190999999999999384e-09 7.039999999999999677e-09 0.000000000000000000e+00 0.000000000000000000e+00 2.189999999999999934e-10 2.990000000000000144e-11 8.500000000000000374e-11 7.999999999999999516e-11
9.542000000000000343e-09 7.118999999999999922e-09 0.000000000000000000e+00 0.000000000000000000e+00 2.189999999999999934e-10 2.990000000000000144e-11 8.500000000000000374e-11 7.999999999999999516e-11
9.888000000000000596e-09 7.201999999999999738e-09 0.000000000000000000e+00 0.000000000000000000e+00 2.189999999999999934e-10 2.990000000000000144e-11 8.500000000000000374e-11 7.999999999999999516e-11
9.978000000000000078e-09 7.261999999999999945e-09 0.000000000000000000e+00 0.000000000000000000e+00 2.189999999999999934e-10 2.990000000000000144e-11 8.500000000000000374e-11 7.999999999999999516e-11
1.007999999999999993e-08 7.325000000000000244e-09 0.000000000000000000e+00 0.000000000000000000e+00 2.189999999999999934e-10 2.990000000000000144e-11 8.500000000000000374e-11 7.999999999999999516e-11
1.017999999999999917e-08 7.390999999999999810e-09 0.000000000000000000e+00 0.000000000000000000e+00 2.189999999999999934e-10 2.990000000000000144e-11 8.500000000000000374e-11 7.999999999999999516e-11
1.029999999999999959e-08 7.461999999999999254e-09 0.000000000000000000e+00 0.000000000000000000e+00 2.189999999999999934e-10 2.990000000000000144e-11 8.500000000000000374e-11 7.999999999999999516e-11
1.042000000000000000e-08 7.536999999999999926e-09 0.000000000000000000e+00 0.000000000000000000e+00 2.189999999999999934e-10 2.990000000000000144e-11 8.500000000000000374e-11 7.999999999999999516e-11
1.055000000000000017e-08 7.607999999999999370e-09 0.000000000000000000e+00 0.000000000000000000e+00 2.189999999999999934e-10 2.990000000000000144e-11 8.500000000000000374e-11 7.999999999999999516e-11
1.069000000000000010e-08 7.650000000000000673e-09 0.000000000000000000e+00 0.000000000000000000e+00 2.189999999999999934e-10 2.990000000000000144e-11 8.500000000000000374e-11 7.999999999999999516e-11
1.067000000000000058e-08 7.693999999999999280e-09 0.000000000000000000e+00 0.000000000000000000e+00 2.189999999999999934e-10 2.990000000000000144e-11 8.500000000000000374e-11 7.999999999999999516e-11
1.066000000000000083e-08 7.740999999999999635e-09 0.000000000000000000e+00 0.000000000000000000e+00 2.189999999999999934e-10 2.990000000000000144e-11 8.500000000000000374e-11 7.999999999999999516e-11
1.064999999999999941e-08 7.791000000000000083e-09 0.000000000000000000e+00 0.000000000000000000e+00 2.189999999999999934e-10 2.990000000000000144e-11 8.500000000000000374e-11 7.999999999999999516e-11
1.066000000000000083e-08 7.844000000000000623e-09 0.000000000000000000e+00 0.000000000000000000e+00 2.189999999999999934e-10 2.990000000000000144e-11 8.500000000000000374e-11 7.999999999999999516e-11
1.067000000000000058e-08 7.899999999999999603e-09 0.000000000000000000e+00 0.000000000000000000e+00 2.189999999999999934e-10 2.990000000000000144e-11 8.500000000000000374e-11 7.999999999999999516e-11
1.036999999999999955e-08 7.936000000000000719e-09 0.000000000000000000e+00 0.000000000000000000e+00 2.189999999999999934e-10 2.990000000000000144e-11 8.500000000000000374e-11 7.999999999999999516e-11
1.007000000000000017e-08 7.972999999999999661e-09 0.000000000000000000e+00 0.000000000000000000e+00 2.189999999999999934e-10 2.990000000000000144e-11 8.500000000000000374e-11 7.999999999999999516e-11
9.788999999999999180e-09 8.013000000000000350e-09 0.000000000000000000e+00 0.000000000000000000e+00 2.189999999999999934e-10 2.990000000000000144e-11 8.500000000000000374e-11 7.999999999999999516e-11
9.510999999999999933e-09 8.054999999999999998e-09 0.000000000000000000e+00 0.000000000000000000e+00 2.189999999999999934e-10 2.990000000000000144e-11 8.500000000000000374e-11 7.999999999999999516e-11
9.240999999999999832e-09 8.099999999999999739e-09 0.000000000000000000e+00 0.000000000000000000e+00 2.189999999999999934e-10 2.990000000000000144e-11 8.500000000000000374e-11 7.999999999999999516e-11
8.979000000000000530e-09 8.147999999999999574e-09 0.000000000000000000e+00 0.000000000000000000e+00 2.189999999999999934e-10 2.990000000000000144e-11 8.500000000000000374e-11 7.999999999999999516e-11
8.723999999999999239e-09 8.198000000000000021e-09 0.000000000000000000e+00 0.000000000000000000e+00 2.189999999999999934e-10 2.990000000000000144e-11 8.500000000000000374e-11 7.999999999999999516e-11
8.477000000000000402e-09 8.251000000000000562e-09 0.000000000000000000e+00 0.000000000000000000e+00 2.189999999999999934e-10 2.990000000000000144e-11 8.500000000000000374e-11 7.999999999999999516e-11
8.236000000000000097e-09 8.306999999999999542e-09 0.000000000000000000e+00 0.000000000000000000e+00 2.189999999999999934e-10 2.990000000000000144e-11 8.500000000000000374e-11 7.999999999999999516e-11
8.001999999999999457e-09 8.366999999999999748e-09 0.000000000000000000e+00 0.000000000000000000e+00 2.189999999999999934e-10 2.990000000000000144e-11 8.500000000000000374e-11 7.999999999999999516e-11
7.775000000000000138e-09 8.430000000000000047e-09 0.000000000000000000e+00 0.000000000000000000e+00 2.189999999999999934e-10 2.990000000000000144e-11 8.500000000000000374e-11 7.999999999999999516e-11
7.555000000000000484e-09 8.496999999999999919e-09 0.000000000000000000e+00 0.000000000000000000e+00 2.189999999999999934e-10 2.990000000000000144e-11 8.500000000000000374e-11 7.999999999999999516e-11
7.339999999999999882e-09 8.500000000000000012e-09 0.000000000000000000e+00 0.000000000000000000e+00 2.189999999999999934e-10 2.990000000000000144e-11 8.500000000000000374e-11 7.999999999999999516e-11
7.131999999999999773e-09 8.500000000000000012e-09 0.000000000000000000e+00 0.000000000000000000e+00 2.189999999999999934e-10 2.990000000000000144e-11 8.500000000000000374e-11 7.999999999999999516e-11
6.929999999999999851e-09 8.500000000000000012e-09 0.000000000000000000e+00 0.000000000000000000e+00 2.189999999999999934e-10 2.990000000000000144e-11 8.500000000000000374e-11 7.999999999999999516e-11
6.732999999999999807e-09 8.500000000000000012e-09 0.000000000000000000e+00 0.000000000000000000e+00 2.189999999999999934e-10 2.990000000000000144e-11 8.500000000000000374e-11 7.999999999999999516e-11
6.541999999999999950e-09 8.500000000000000012e-09 0.000000000000000000e+00 0.000000000000000000e+00 2.189999999999999934e-10 2.990000000000000144e-11 8.500000000000000374e-11 7.999999999999999516e-11
6.357000000000000278e-09 8.500000000000000012e-09 0.000000000000000000e+00 0.000000000000000000e+00 2.189999999999999934e-10 2.990000000000000144e-11 8.500000000000000374e-11 7.999999999999999516e-11
6.176000000000000180e-09 8.500000000000000012e-09 0.000000000000000000e+00 0.000000000000000000e+00 2.189999999999999934e-10 2.990000000000000144e-11 8.500000000000000374e-11 7.999999999999999516e-11
6.001000000000000267e-09 8.500000000000000012e-09 0.000000000000000000e+00 0.000000000000000000e+00 2.189999999999999934e-10 2.990000000000000144e-11 8.500000000000000374e-11 7.999999999999999516e-11
5.831000000000000234e-09 8.500000000000000012e-09 0.000000000000000000e+00 0.000000000000000000e+00 2.189999999999999934e-10 2.990000000000000144e-11 8.500000000000000374e-11 7.999999999999999516e-11
5.664999999999999773e-09 8.500000000000000012e-09 0.000000000000000000e+00 0.000000000000000000e+00 2.189999999999999934e-10 2.990000000000000144e-11 8.500000000000000374e-11 7.999999999999999516e-11
5.505000000000000325e-09 8.500000000000000012e-09 0.000000000000000000e+00 0.000000000000000000e+00 2.189999999999999934e-10 2.990000000000000144e-11 8.500000000000000374e-11 7.999999999999999516e-11
5.348000000000000144e-09 8.500000000000000012e-09 0.000000000000000000e+00 0.000000000000000000e+00 2.189999999999999934e-10 2.990000000000000144e-11 8.500000000000000374e-11 7.999999999999999516e-11
5.197000000000000148e-09 8.500000000000000012e-09 0.000000000000000000e+00 0.000000000000000000e+00 2.189999999999999934e-10 2.990000000000000144e-11 8.500000000000000374e-11 7.999999999999999516e-11
5.049000000000000246e-09 8.500000000000000012e-09 0.000000000000000000e+00 0.000000000000000000e+00 2.189999999999999934e-10 2.990000000000000144e-11 8.500000000000000374e-11 7.999999999999999516e-11
4.906000000000000222e-09 8.500000000000000012e-09 0.000000000000000000e+00 0.000000000000000000e+00 2.189999999999999934e-10 2.990000000000000144e-11 8.500000000000000374e-11 7.999999999999999516e-11
4.766999999999999772e-09 8.500000000000000012e-09 0.000000000000000000e+00 0.000000000000000000e+00 2.189999999999999934e-10 2.990000000000000144e-11 8.500000000000000374e-11 7.999999999999999516e-11
4.631000000000000241e-09 8.500000000000000012e-09 0.000000000000000000e+00 0.000000000000000000e+00 2.189999999999999934e-10 2.990000000000000144e-11 8.500000000000000374e-11 7.999999999999999516e-11
4.499999999999999763e-09 8.500000000000000012e-09 0.000000000000000000e+00 0.000000000000000000e+00 2.189999999999999934e-10 2.990000000000000144e-11 8.500000000000000374e-11 7.999999999999999516e-11
4.372000000000000205e-09 8.500000000000000012e-09 0.000000000000000000e+00 0.000000000000000000e+00 2.189999999999999934e-10 2.990000000000000144e-11 8.500000000000000374e-11 7.999999999999999516e-11
4.248000000000000220e-09 8.500000000000000012e-09 0.000000000000000000e+00 0.000000000000000000e+00 2.189999999999999934e-10 2.990000000000000144e-11 8.500000000000000374e-11 7.999999999999999516e-11
4.127999999999999807e-09 8.500000000000000012e-09 0.000000000000000000e+00 0.000000000000000000e+00 2.189999999999999934e-10 2.990000000000000144e-11 8.500000000000000374e-11 7.999999999999999516e-11
4.011000000000000315e-09 8.500000000000000012e-09 0.000000000000000000e+00 0.000000000000000000e+00 2.189999999999999934e-10 2.990000000000000144e-11 8.500000000000000374e-11 7.999999999999999516e-11
3.897000000000000088e-09 8.500000000000000012e-09 0.000000000000000000e+00 0.000000000000000000e+00 2.189999999999999934e-10 2.990000000000000144e-11 8.500000000000000374e-11 7.999999999999999516e-11
3.785999999999999954e-09 8.500000000000000012e-09 0.000000000000000000e+00 0.000000000000000000e+00 2.189999999999999934e-10 2.990000000000000144e-11 8.500000000000000374e-11 7.999999999999999516e-11
3.678999999999999807e-09 8.500000000000000012e-09 0.000000000000000000e+00 0.000000000000000000e+00 2.189999999999999934e-10 2.990000000000000144e-11 8.500000000000000374e-11 7.999999999999999516e-11
3.575000000000000166e-09 8.500000000000000012e-09 0.000000000000000000e+00 0.000000000000000000e+00 2.189999999999999934e-10 2.990000000000000144e-11 8.500000000000000374e-11 7.999999999999999516e-11
3.472999999999999898e-09 8.500000000000000012e-09 0.000000000000000000e+00 0.000000000000000000e+00 2.189999999999999934e-10 2.990000000000000144e-11 8.500000000000000374e-11 7.999999999999999516e-11
