4.357999999999999808e-12 9.299999999999999897e-08 0.000000000000000000e+00 0.000000000000000000e+00 4.320000000000000075e-10 0.000000000000000000e+00 0.000000000000000000e+00 0.000000000000000000e+00
4.357999999999999808e-12 9.299999999999999897e-08 0.000000000000000000e+00 0.000000000000000000e+00 4.320000000000000075e-10 0.000000000000000000e+00 0.000000000000000000e+00 0.000000000000000000e+00
4.357999999999999808e-12 9.299999999999999897e-08 0.000000000000000000e+00 0.000000000000000000e+00 4.320000000000000075e-10 0.000000000000000000e+00 0.000000000000000000e+00 0.000000000000000000e+00
4.357999999999999808e-12 9.299999999999999897e-08 0.000000000000000000e+00 0.000000000000000000e+00 4.320000000000000075e-10 0.000000000000000000e+00 0.000000000000000000e+00 0.000000000000000000e+00
4.357999999999999808e-12 9.299999999999999897e-08 0.000000000000000000e+00 0.000000000000000000e+00 4.320000000000000075e-10 0.000000000000000000e+00 0.000000000000000000e+00 0.000000000000000000e+00
4.357999999999999808e-12 9.299999999999999897e-08 0.000000000000000000e+00 0.000000000000000000e+00 4.320000000000000075e-10 0.000000000000000000e+00 0.000000000000000000e+00 0.000000000000000000e+00
4.357999999999999808e-12 9.299999999999999897e-08 0.000000000000000000e+00 0.000000000000000000e+00 4.320000000000000075e-10 0.000000000000000000e+00 0.000000000000000000e+00 0.000000000000000000e+00
4.357999999999999808e-12 9.299999999999999897e-08 0.000000000000000000e+00 0.000000000000000000e+00 4.320000000000000075e-10 0.000000000000000000e+00 0.000000000000000000e+00 0.000000000000000000e+00
4.357999999999999808e-12 9.299999999999999897e-08 0.000000000000000000e+00 0.000000000000000000e+00 4.320000000000000075e-10 0.000000000000000000e+00 0.000000000000000000e+00 0.000000000000000000e+00
4.357999999999999808e-12 9.299999999999999897e-08 0.000000000000000000e+00 0.000000000000000000e+00 4.320000000000000075e-10 0.000000000000000000e+00 0.000000000000000000e+00 0.000000000000000000e+00
4.357999999999999808e-12 9.299999999999999897e-08 0.000000000000000000e+00 0.000000000000000000e+00 4.320000000000000075e-10 0.000000000000000000e+00 0.000000000000000000e+00 0.000000000000000000e+00
4.357999999999999808e-12 9.299999999999999897e-08 0.000000000000000000e+00 0.000000000000000000e+00 4.320000000000000075e-10 0.000000000000000000e+00 0.000000000000000000e+00 0.000000000000000000e+00
4.357999999999999808e-12 9.299999999999999897e-08 0.000000000000000000e+00 0.000000000000000000e+00 4.320000000000000075e-10 0.000000000000000000e+00 0.000000000000000000e+00 0.000000000000000000e+00
4.357999999999999808e-12 9.299999999999999897e-08 0.000000000000000000e+00 0.000000000000000000e+00 4.320000000000000075e-10 0.000000000000000000e+00 0.000000000000000000e+00 0.000000000000000000e+00
4.357999999999999808e-12 9.299999999999999897e-08 0.000000000000000000e+00 0.000000000000000000e+00 4.320000000000000075e-10 0.000000000000000000e+00 0.000000000000000000e+00 0.000000000000000000e+00
4.357999999999999808e-12 9.299999999999999897e-08 0.000000000000000000e+00 0.000000000000000000e+00 4.320000000000000075e-10 0.000000000000000000e+00 0.000000000000000000e+00 0.000000000000000000e+00
4.357999999999999808e-12 9.299999999999999897e-08 0.000000000000000000e+00 0.000000000000000000e+00 4.320000000000000075e-10 0.000000000000000000e+00 0.000000000000000000e+00 0.000000000000000000e+00
4.357999999999999808e-12 9.299999999999999897e-08 0.000000000000000000e+00 0.000000000000000000e+00 4.320000000000000075e-10 0.000000000000000000e+00 0.000000000000000000e+00 0.000000000000000000e+00
4.357999999999999808e-12 9.299999999999999897e-08 0.000000000000000000e+00 0.000000000000000000e+00 4.320000000000000075e-10 0.000000000000000000e+00 0.000000000000000000e+00 0.000000000000000000e+00
4.357999999999999808e-12 9.299999999999999897e-08 0.000000000000000000e+00 0.000000000000000000e+00 4.320000000000000075e-10 0.000000000000000000e+00 0.000000000000000000e+00 0.000000000000000000e+00
4.357999999999999808e-12 9.299999999999999897e-08 0.000000000000000000e+00 0.000000000000000000e+00 4.352000000000000068e-10 0.000000000000000000e+00 0.000000000000000000e+00 0.000000000000000000e+00
4.357999999999999808e-12 9.299999999999999897e-08 0.000000000000000000e+00 0.000000000000000000e+00 4.388000000000000253e-10 0.000000000000000000e+00 0.000000000000000000e+00 0.000000000000000000e+00
4.357999999999999808e-12 9.299999999999999897e-08 0.000000000000000000e+00 0.000000000000000000e+00 4.426999999999999809e-10 0.000000000000000000e+00 0.000000000000000000e+00 0.000000000000000000e+00
4.357999999999999808e-12 9.299999999999999897e-08 0.000000000000000000e+00 0.000000000000000000e+00 4.467999999999999977e-10 0.000000000000000000e+00 0.000000000000000000e+00 0.000000000000000000e+00
4.357999999999999808e-12 9.299999999999999897e-08 0.000000000000000000e+00 0.000000000000000000e+00 4.511000000000000242e-10 0.000000000000000000e+00 0.000000000000000000e+00 0.000000000000000000e+00
4.790000000000000390e-12 9.299999999999999897e-08 0.000000000000000000e+00 0.000000000000000000e+00 4.556999999999999877e-10 0.000000000000000000e+00 0.000000000000000000e+00 0.000000000000000000e+00
4.764999999999999992e-12 9.299999999999999897e-08 0.000000000000000000e+00 0.000000000000000000e+00 4.605999999999999914e-10 0.000000000000000000e+00 0.000000000000000000e+00 0.000000000000000000e+00
4.744999999999999673e-12 9.299999999999999897e-08 0.000000000000000000e+00 0.000000000000000000e+00 4.657999999999999838e-10 0.000000000000000000e+00 0.000000000000000000e+00 0.000000000000000000e+00
4.728999999999999742e-12 9.299999999999999897e-08 0.000000000000000000e+00 0.000000000000000000e+00 4.711999999999999858e-10 0.000000000000000000e+00 0.000000000000000000e+00 0.000000000000000000e+00
4.717999999999999889e-12 9.299999999999999897e-08 0.000000000000000000e+00 0.000000000000000000e+00 4.753000000000000027e-10 0.000000000000000000e+00 0.000000000000000000e+00 0.000000000000000000e+00
4.712000000000000117e-12 9.299999999999999897e-08 0.000000000000000000e+00 0.000000000000000000e+00 4.797000000000000082e-10 0.000000000000000000e+00 0.000000000000000000e+00 0.000000000000000000e+00
4.709999999999999923e-12 9.299999999999999897e-08 0.000000000000000000e+00 0.000000000000000000e+00 4.844000000000000023e-10 0.000000000000000000e+00 0.000000000000000000e+00 0.000000000000000000e+00
4.712999999999999810e-12 9.299999999999999897e-08 0.000000000000000000e+00 0.000000000000000000e+00 4.892999999999999544e-10 0.000000000000000000e+00 0.000000000000000000e+00 0.000000000000000000e+00
4.720000000000000083e-12 9.299999999999999897e-08 0.000000000000000000e+00 0.000000000000000000e+00 4.946000000000000291e-10 0.000000000000000000e+00 0.000000000000000000e+00 0.000000000000000000e+00
4.731999999999999628e-12 9.299999999999999897e-08 0.000000000000000000e+00 0.000000000000000000e+00 4.997999999999999698e-10 0.000000000000000000e+00 0.000000000000000000e+00 0.000000000000000000e+00
4.748000000000000367e-12 9.299999999999999897e-08 0.000000000000000000e+00 0.000000000000000000e+00 5.041999999999999753e-10 0.000000000000000000e+00 0.000000000000000000e+00 0.000000000000000000e+00
4.767999999999999878e-12 9.299999999999999897e-08 0.000000000000000000e+00 0.000000000000000000e+00 5.087000000000000114e-10 0.000000000000000000e+00 0.000000000000000000e+00 0.000000000000000000e+00
4.793000000000000277e-12 9.299999999999999897e-08 0.000000000000000000e+00 0.000000000000000000e+00 5.135999999999999635e-10 0.000000000000000000e+00 0.000000000000000000e+00 0.000000000000000000e+00
4.822000000000000254e-12 9.299999999999999897e-08 0.000000000000000000e+00 0.000000000000000000e+00 5.188000000000000076e-10 0.000000000000000000e+00 0.000000000000000000e+00 0.000000000000000000e+00
4.854999999999999810e-12 9.299999999999999897e-08 0.000000000000000000e+00 0.000000000000000000e+00 5.242000000000000096e-10 0.000000000000000000e+00 0.000000000000000000e+00 0.000000000000000000e+00
4.891999999999999754e-12 9.299999999999999897e-08 0.000000000000000000e+00 0.000000000000000000e+00 5.300000000000000309e-10 0.000000000000000000e+00 0.000000000000000000e+00 0.000000000000000000e+00
4.933000000000000084e-12 9.299999999999999897e-08 0.000000000000000000e+00 0.000000000000000000e+00 5.331999999999999785e-10 0.000000000000000000e+00 0.000000000000000000e+00 0.000000000000000000e+00
4.977999999999999993e-12 9.299999999999999897e-08 0.000000000000000000e+00 0.000000000000000000e+00 5.365999999999999875e-10 0.000000000000000000e+00 0.000000000000000000e+00 0.000000000000000000e+00
5.027000000000000289e-12 9.299999999999999897e-08 0.000000000000000000e+00 0.000000000000000000e+00 5.402999999999999850e-10 0.000000000000000000e+00 0.000000000000000000e+00 0.000000000000000000e+00
5.080000000000000164e-12 9.299999999999999897e-08 0.000000000000000000e+00 0.000000000000000000e+00 5.441000000000000133e-10 0.000000000000000000e+00 0.000000000000000000e+00 0.000000000000000000e+00
5.135999999999999926e-12 9.299999999999999897e-08 0.000000000000000000e+00 0.000000000000000000e+00 5.482000000000000301e-10 0.000000000000000000e+00 0.000000000000000000e+00 0.000000000000000000e+00
5.196000000000000074e-12 9.299999999999999897e-08 0.000000000000000000e+00 0.000000000000000000e+00 5.525000000000000049e-10 0.000000000000000000e+00 0.000000000000000000e+00 0.000000000000000000e+00
5.259000000000000108e-12 9.299999999999999897e-08 0.000000000000000000e+00 0.000000000000000000e+00 5.570000000000000411e-10 0.000000000000000000e+00 0.000000000000000000e+00 0.000000000000000000e+00
5.325999999999999722e-12 9.299999999999999897e-08 0.000000000000000000e+00 0.000000000000000000e+00 5.618999999999999932e-10 0.000000000000000000e+00 0.000000000000000000e+00 0.000000000000000000e+00
5.396000000000000030e-12 9.299999999999999897e-08 0.000000000000000000e+00 0.000000000000000000e+00 5.670000000000000066e-10 0.000000000000000000e+00 0.000000000000000000e+00 0.000000000000000000e+00
5.469000000000000223e-12 9.299999999999999897e-08 0.000000000000000000e+00 0.000000000000000000e+00 5.724000000000000086e-10 0.000000000000000000e+00 0.000000000000000000e+00 0.000000000000000000e+00
5.545999999999999996e-12 9.299999999999999897e-08 0.000000000000000000e+00 0.000000000000000000e+00 5.782000000000000299e-10 0.000000000000000000e+00 0.000000000000000000e+00 0.000000000000000000e+00
5.624999999999999963e-12 9.299999999999999897e-08 0.000000000000000000e+00 0.000000000000000000e+00 5.842000000000000092e-10 0.000000000000000000e+00 0.000000000000000000e+00 0.000000000000000000e+00
5.706999999999999815e-12 9.299999999999999897e-08 0.000000000000000000e+00 0.000000000000000000e+00 5.907000000000000385e-10 0.000000000000000000e+00 0.000000000000000000e+00 0.000000000000000000e+00
5.793000000000000055e-12 9.299999999999999897e-08 0.000000000000000000e+00 0.000000000000000000e+00 5.974999999999999529e-10 0.000000000000000000e+00 0.000000000000000000e+00 0.000000000000000000e+00
5.879999999999999987e-12 9.299999999999999897e-08 0.000000000000000000e+00 0.000000000000000000e+00 6.046999999999999901e-10 0.000000000000000000e+00 0.000000000000000000e+00 0.000000000000000000e+00
5.971000000000000306e-12 9.299999999999999897e-08 0.000000000000000000e+00 0.000000000000000000e+00 6.123999999999999739e-10 0.000000000000000000e+00 0.000000000000000000e+00 0.000000000000000000e+00
6.063000000000000318e-12 9.299999999999999897e-08 0.000000000000000000e+00 0.000000000000000000e+00 6.204999999999999769e-10 0.000000000000000000e+00 0.000000000000000000e+00 0.000000000000000000e+00
6.158000000000000216e-12 9.299999999999999897e-08 0.000000000000000000e+00 0.000000000000000000e+00 6.291000000000000299e-10 0.000000000000000000e+00 0.000000000000000000e+00 0.000000000000000000e+00
6.255000000000000307e-12 9.299999999999999897e-08 0.000000000000000000e+00 0.000000000000000000e+00 6.382000000000000295e-10 0.000000000000000000e+00 0.000000000000000000e+00 0.000000000000000000e+00
6.353999999999999785e-12 9.299999999999999897e-08 0.000000000000000000e+00 0.000000000000000000e+00 6.436999999999999588e-10 0.000000000000000000e+00 0.000000000000000000e+00 0.000000000000000000e+00
6.455000000000000263e-12 9.299999999999999897e-08 0.000000000000000000e+00 0.000000000000000000e+00 6.490999999999999609e-10 0.000000000000000000e+00 0.000000000000000000e+00 0.000000000000000000e+00
6.558000000000000127e-12 9.299999999999999897e-08 0.000000000000000000e+00 0.000000000000000000e+00 6.548999999999999822e-10 0.000000000000000000e+00 0.000000000000000000e+00 0.000000000000000000e+00
6.661999999999999684e-12 9.299999999999999897e-08 0.000000000000000000e+00 0.000000000000000000e+00 6.609999999999999922e-10 0.000000000000000000e+00 0.000000000000000000e+00 0.000000000000000000e+00
6.768000000000000242e-12 9.299999999999999897e-08 0.000000000000000000e+00 0.000000000000000000e+00 6.675000000000000214e-10 0.000000000000000000e+00 0.000000000000000000e+00 0.000000000000000000e+00
6.874999999999999685e-12 9.299999999999999897e-08 0.000000000000000000e+00 0.000000000000000000e+00 6.743000000000000393e-10 0.000000000000000000e+00 0.000000000000000000e+00 0.000000000000000000e+00
6.982999999999999629e-12 9.299999999999999897e-08 0.000000000000000000e+00 0.000000000000000000e+00 6.814999999999999731e-10 0.000000000000000000e+00 0.000000000000000000e+00 0.000000000000000000e+00
7.092000000000000073e-12 9.299999999999999897e-08 0.000000000000000000e+00 0.000000000000000000e+00 6.891999999999999568e-10 0.000000000000000000e+00 0.000000000000000000e+00 0.000000000000000000e+00
7.202000000000000210e-12 9.299999999999999897e-08 0.000000000000000000e+00 0.000000000000000000e+00 6.972000000000000326e-10 0.000000000000000000e+00 0.000000000000000000e+00 0.000000000000000000e+00
7.311999999999999540e-12 9.299999999999999897e-08 0.000000000000000000e+00 0.000000000000000000e+00 7.033000000000000425e-10 0.000000000000000000e+00 0.000000000000000000e+00 0.000000000000000000e+00
7.423000000000000177e-12 9.299999999999999897e-08 0.000000000000000000e+00 0.000000000000000000e+00 7.097999999999999684e-10 0.000000000000000000e+00 0.000000000000000000e+00 0.000000000000000000e+00
7.533999999999999199e-12 9.299999999999999897e-08 0.000000000000000000e+00 0.000000000000000000e+00 7.165999999999999863e-10 0.000000000000000000e+00 0.000000000000000000e+00 0.000000000000000000e+00
7.644999999999999837e-12 9.299999999999999897e-08 0.000000000000000000e+00 0.000000000000000000e+00 7.238000000000000234e-10 0.000000000000000000e+00 0.000000000000000000e+00 0.000000000000000000e+00
7.756000000000000475e-12 9.299999999999999897e-08 0.000000000000000000e+00 0.000000000000000000e+00 7.315000000000000072e-10 0.000000000000000000e+00 0.000000000000000000e+00 0.000000000000000000e+00
7.866999999999999497e-12 9.299999999999999897e-08 0.000000000000000000e+00 0.000000000000000000e+00 7.391999999999999909e-10 0.000000000000000000e+00 0.000000000000000000e+00 0.000000000000000000e+00
7.978000000000000135e-12 9.299999999999999897e-08 0.000000000000000000e+00 0.000000000000000000e+00 7.457000000000000202e-10 0.000000000000000000e+00 0.000000000000000000e+00 0.000000000000000000e+00
8.088000000000000272e-12 9.299999999999999897e-08 0.000000000000000000e+00 0.000000000000000000e+00 7.525000000000000381e-10 0.000000000000000000e+00 0.000000000000000000e+00 0.000000000000000000e+00
8.196999999999999908e-12 9.299999999999999897e-08 0.000000000000000000e+00 0.000000000000000000e+00 7.596999999999999719e-10 0.000000000000000000e+00 0.000000000000000000e+00 0.000000000000000000e+00
8.305000000000000660e-12 9.299999999999999897e-08 0.000000000000000000e+00 0.000000000000000000e+00 7.673000000000000283e-10 0.000000000000000000e+00 0.000000000000000000e+00 0.000000000000000000e+00
8.411999999999999295e-12 9.299999999999999897e-08 0.000000000000000000e+00 0.000000000000000000e+00 7.754000000000000314e-10 0.000000000000000000e+00 0.000000000000000000e+00 0.000000000000000000e+00
8.518000000000000661e-12 9.299999999999999897e-08 0.000000000000000000e+00 0.000000000000000000e+00 7.839999999999999810e-10 0.000000000000000000e+00 0.000000000000000000e+00 0.000000000000000000e+00
8.621999999999999410e-12 9.299999999999999897e-08 0.000000000000000000e+00 0.000000000000000000e+00 7.888000000000000058e-10 0.000000000000000000e+00 0.000000000000000000e+00 0.000000000000000000e+00
8.724999999999999274e-12 9.299999999999999897e-08 0.000000000000000000e+00 0.000000000000000000e+00 7.937999999999999885e-10 0.000000000000000000e+00 0.000000000000000000e+00 0.000000000000000000e+00
8.825999999999999753e-12 9.299999999999999897e-08 0.000000000000000000e+00 0.000000000000000000e+00 7.991999999999999905e-10 0.000000000000000000e+00 0.000000000000000000e+00 0.000000000000000000e+00
8.924999999999999230e-12 9.299999999999999897e-08 0.000000000000000000e+00 0.000000000000000000e+00 8.047999999999999505e-10 0.000000000000000000e+00 0.000000000000000000e+00 0.000000000000000000e+00
9.021000000000000436e-12 9.299999999999999897e-08 0.000000000000000000e+00 0.000000000000000000e+00 8.108000000000000332e-10 0.000000000000000000e+00 0.000000000000000000e+00 0.000000000000000000e+00
9.115999999999999527e-12 9.299999999999999897e-08 0.000000000000000000e+00 0.000000000000000000e+00 8.172000000000000318e-10 0.000000000000000000e+00 0.000000000000000000e+00 0.000000000000000000e+00
9.208000000000000346e-12 9.299999999999999897e-08 0.000000000000000000e+00 0.000000000000000000e+00 8.239000000000000190e-10 0.000000000000000000e+00 0.000000000000000000e+00 0.000000000000000000e+00
9.296999999999999664e-12 9.299999999999999897e-08 0.000000000000000000e+00 0.000000000000000000e+00 8.310999999999999528e-10 0.000000000000000000e+00 0.000000000000000000e+00 0.000000000000000000e+00
9.383000000000000711e-12 9.299999999999999897e-08 0.000000000000000000e+00 0.000000000000000000e+00 8.385999999999999786e-10 0.000000000000000000e+00 0.000000000000000000e+00 0.000000000000000000e+00
9.467000000000000757e-12 9.299999999999999897e-08 0.000000000000000000e+00 0.000000000000000000e+00 8.466999999999999816e-10 0.000000000000000000e+00 0.000000000000000000e+00 0.000000000000000000e+00
9.547000000000000416e-12 9.299999999999999897e-08 0.000000000000000000e+00 0.000000000000000000e+00 8.550999999999999733e-10 0.000000000000000000e+00 0.000000000000000000e+00 0.000000000000000000e+00
9.624000000000000189e-12 9.299999999999999897e-08 0.000000000000000000e+00 0.000000000000000000e+00 8.641000000000000456e-10 0.000000000000000000e+00 0.000000000000000000e+00 0.000000000000000000e+00
9.698000000000000076e-12 9.299999999999999897e-08 0.000000000000000000e+00 0.000000000000000000e+00 8.735999999999999611e-10 0.000000000000000000e+00 0.000000000000000000e+00 0.000000000000000000e+00
9.767999999999999576e-12 9.299999999999999897e-08 0.000000000000000000e+00 0.000000000000000000e+00 8.836999999999999572e-10 0.000000000000000000e+00 0.000000000000000000e+00 0.000000000000000000e+00
9.835000000000000805e-12 9.299999999999999897e-08 0.000000000000000000e+00 0.000000000000000000e+00 8.944000000000000340e-10 0.000000000000000000e+00 0.000000000000000000e+00 0.000000000000000000e+00
9.896999999999999531e-12 9.299999999999999897e-08 0.000000000000000000e+00 0.000000000000000000e+00 9.056999999999999847e-10 0.000000000000000000e+00 0.000000000000000000e+00 0.000000000000000000e+00
9.955999999999999986e-12 9.299999999999999897e-08 0.000000000000000000e+00 0.000000000000000000e+00 9.177000000000000466e-10 0.000000000000000000e+00 0.000000000000000000e+00 0.000000000000000000e+00
1.000999999999999955e-11 9.299999999999999897e-08 0.000000000000000000e+00 0.000000000000000000e+00 9.304000000000000131e-10 0.000000000000000000e+00 0.000000000000000000e+00 0.000000000000000000e+00
1.006000000000000035e-11 9.299999999999999897e-08 0.000000000000000000e+00 0.000000000000000000e+00 9.437999999999999875e-10 0.000000000000000000e+00 0.000000000000000000e+00 0.000000000000000000e+00
1.010999999999999953e-11 9.299999999999999897e-08 0.000000000000000000e+00 0.000000000000000000e+00 9.449999999999999420e-10 0.000000000000000000e+00 0.000000000000000000e+00 0.000000000000000000e+00
1.015000000000000017e-11 9.299999999999999897e-08 0.000000000000000000e+00 0.000000000000000000e+00 9.449999999999999420e-10 0.000000000000000000e+00 0.000000000000000000e+00 0.000000000000000000e+00
1.019000000000000081e-11 9.299999999999999897e-08 0.000000000000000000e+00 0.000000000000000000e+00 9.449999999999999420e-10 0.000000000000000000e+00 0.000000000000000000e+00 0.000000000000000000e+00
1.021999999999999967e-11 9.299999999999999897e-08 0.000000000000000000e+00 0.000000000000000000e+00 9.449999999999999420e-10 0.000000000000000000e+00 0.000000000000000000e+00 0.000000000000000000e+00
1.025000000000000015e-11 9.299999999999999897e-08 0.000000000000000000e+00 0.000000000000000000e+00 9.449999999999999420e-10 0.000000000000000000e+00 0.000000000000000000e+00 0.000000000000000000e+00
1.027000000000000047e-11 9.299999999999999897e-08 0.000000000000000000e+00 0.000000000000000000e+00 9.449999999999999420e-10 0.000000000000000000e+00 0.000000000000000000e+00 0.000000000000000000e+00
1.029000000000000078e-11 9.299999999999999897e-08 0.000000000000000000e+00 0.000000000000000000e+00 9.449999999999999420e-10 0.000000000000000000e+00 0.000000000000000000e+00 0.000000000000000000e+00
1.030999999999999949e-11 9.299999999999999897e-08 0.000000000000000000e+00 0.000000000000000000e+00 9.449999999999999420e-10 0.000000000000000000e+00 0.000000000000000000e+00 0.000000000000000000e+00
1.031999999999999965e-11 9.299999999999999897e-08 0.000000000000000000e+00 0.000000000000000000e+00 9.449999999999999420e-10 0.000000000000000000e+00 0.000000000000000000e+00 0.000000000000000000e+00
1.031999999999999965e-11 9.299999999999999897e-08 0.000000000000000000e+00 0.000000000000000000e+00 9.449999999999999420e-10 0.000000000000000000e+00 0.000000000000000000e+00 0.000000000000000000e+00
1.031999999999999965e-11 9.299999999999999897e-08 0.000000000000000000e+00 0.000000000000000000e+00 9.449999999999999420e-10 0.000000000000000000e+00 0.000000000000000000e+00 0.000000000000000000e+00
1.031999999999999965e-11 9.299999999999999897e-08 0.000000000000000000e+00 0.000000000000000000e+00 9.449999999999999420e-10 0.000000000000000000e+00 0.000000000000000000e+00 0.000000000000000000e+00
1.030999999999999949e-11 9.299999999999999897e-08 0.000000000000000000e+00 0.000000000000000000e+00 9.449999999999999420e-10 0.000000000000000000e+00 0.000000000000000000e+00 0.000000000000000000e+00
1.029000000000000078e-11 9.299999999999999897e-08 0.000000000000000000e+00 0.000000000000000000e+00 9.449999999999999420e-10 0.000000000000000000e+00 0.000000000000000000e+00 0.000000000000000000e+00
1.027000000000000047e-11 9.299999999999999897e-08 0.000000000000000000e+00 0.000000000000000000e+00 9.449999999999999420e-10 0.000000000000000000e+00 0.000000000000000000e+00 0.000000000000000000e+00
1.025000000000000015e-11 9.299999999999999897e-08 0.000000000000000000e+00 0.000000000000000000e+00 9.449999999999999420e-10 0.000000000000000000e+00 0.000000000000000000e+00 0.000000000000000000e+00
1.021999999999999967e-11 9.299999999999999897e-08 0.000000000000000000e+00 0.000000000000000000e+00 9.449999999999999420e-10 0.000000000000000000e+00 0.000000000000000000e+00 0.000000000000000000e+00
1.018000000000000065e-11 9.299999999999999897e-08 0.000000000000000000e+00 0.000000000000000000e+00 9.449999999999999420e-10 0.000000000000000000e+00 0.000000000000000000e+00 0.000000000000000000e+00
1.014000000000000001e-11 9.299999999999999897e-08 0.000000000000000000e+00 0.000000000000000000e+00 9.449999999999999420e-10 0.000000000000000000e+00 0.000000000000000000e+00 0.000000000000000000e+00
1.009999999999999937e-11 9.299999999999999897e-08 0.000000000000000000e+00 0.000000000000000000e+00 9.449999999999999420e-10 0.000000000000000000e+00 0.000000000000000000e+00 0.000000000000000000e+00
1.005000000000000019e-11 9.299999999999999897e-08 0.000000000000000000e+00 0.000000000000000000e+00 9.449999999999999420e-10 0.000000000000000000e+00 0.000000000000000000e+00 0.000000000000000000e+00
9.998000000000000009e-12 9.299999999999999897e-08 0.000000000000000000e+00 0.000000000000000000e+00 9.449999999999999420e-10 0.000000000000000000e+00 0.000000000000000000e+00 0.000000000000000000e+00
9.941000000000000555e-12 9.299999999999999897e-08 0.000000000000000000e+00 0.000000000000000000e+00 9.449999999999999420e-10 0.000000000000000000e+00 0.000000000000000000e+00 0.000000000000000000e+00
9.877999999999999713e-12 9.299999999999999897e-08 0.000000000000000000e+00 0.000000000000000000e+00 9.449999999999999420e-10 0.000000000000000000e+00 0.000000000000000000e+00 0.000000000000000000e+00
9.812000000000000600e-12 9.299999999999999897e-08 0.000000000000000000e+00 0.000000000000000000e+00 9.449999999999999420e-10 0.000000000000000000e+00 0.000000000000000000e+00 0.000000000000000000e+00
9.741000000000000600e-12 9.299999999999999897e-08 0.000000000000000000e+00 0.000000000000000000e+00 9.449999999999999420e-10 0.000000000000000000e+00 0.000000000000000000e+00 0.000000000000000000e+00
9.666000000000000212e-12 9.299999999999999897e-08 0.000000000000000000e+00 0.000000000000000000e+00 9.449999999999999420e-10 0.000000000000000000e+00 0.000000000000000000e+00 0.000000000000000000e+00
9.586000000000000553e-12 9.299999999999999897e-08 0.000000000000000000e+00 0.000000000000000000e+00 9.449999999999999420e-10 0.000000000000000000e+00 0.000000000000000000e+00 0.000000000000000000e+00
9.502999999999999392e-12 9.299999999999999897e-08 0.000000000000000000e+00 0.000000000000000000e+00 9.449999999999999420e-10 0.000000000000000000e+00 0.000000000000000000e+00 0.000000000000000000e+00
9.415999999999999460e-12 9.299999999999999897e-08 0.000000000000000000e+00 0.000000000000000000e+00 9.449999999999999420e-10 0.000000000000000000e+00 0.000000000000000000e+00 0.000000000000000000e+00
9.325000000000000757e-12 9.299999999999999897e-08 0.000000000000000000e+00 0.000000000000000000e+00 9.449999999999999420e-10 0.000000000000000000e+00 0.000000000000000000e+00 0.000000000000000000e+00
9.230000000000000051e-12 9.299999999999999897e-08 0.000000000000000000e+00 0.000000000000000000e+00 9.449999999999999420e-10 0.000000000000000000e+00 0.000000000000000000e+00 0.000000000000000000e+00
9.131000000000000573e-12 9.299999999999999897e-08 0.000000000000000000e+00 0.000000000000000000e+00 9.449999999999999420e-10 0.000000000000000000e+00 0.000000000000000000e+00 0.000000000000000000e+00
9.030000000000000095e-12 9.299999999999999897e-08 0.000000000000000000e+00 0.000000000000000000e+00 9.449999999999999420e-10 0.000000000000000000e+00 0.000000000000000000e+00 0.000000000000000000e+00
8.924000000000000345e-12 9.299999999999999897e-08 0.000000000000000000e+00 0.000000000000000000e+00 9.449999999999999420e-10 0.000000000000000000e+00 0.000000000000000000e+00 0.000000000000000000e+00
8.815999999999999593e-12 9.299999999999999897e-08 0.000000000000000000e+00 0.000000000000000000e+00 9.449999999999999420e-10 0.000000000000000000e+00 0.000000000000000000e+00 0.000000000000000000e+00
8.705000000000000571e-12 9.299999999999999897e-08 0.000000000000000000e+00 0.000000000000000000e+00 9.449999999999999420e-10 0.000000000000000000e+00 0.000000000000000000e+00 0.000000000000000000e+00
8.591000000000000047e-12 9.299999999999999897e-08 0.000000000000000000e+00 0.000000000000000000e+00 9.449999999999999420e-10 0.000000000000000000e+00 0.000000000000000000e+00 0.000000000000000000e+00
8.473999999999999637e-12 9.299999999999999897e-08 0.000000000000000000e+00 0.000000000000000000e+00 9.449999999999999420e-10 0.000000000000000000e+00 0.000000000000000000e+00 0.000000000000000000e+00
8.353999999999999340e-12 9.299999999999999897e-08 0.000000000000000000e+00 0.000000000000000000e+00 9.449999999999999420e-10 0.000000000000000000e+00 0.000000000000000000e+00 0.000000000000000000e+00
8.231999999999999658e-12 9.299999999999999897e-08 0.000000000000000000e+00 0.000000000000000000e+00 9.449999999999999420e-10 0.000000000000000000e+00 0.000000000000000000e+00 0.000000000000000000e+00
8.108000000000000591e-12 9.299999999999999897e-08 0.000000000000000000e+00 0.000000000000000000e+00 9.449999999999999420e-10 0.000000000000000000e+00 0.000000000000000000e+00 0.000000000000000000e+00
7.982000000000000522e-12 9.299999999999999897e-08 0.000000000000000000e+00 0.000000000000000000e+00 9.449999999999999420e-10 0.000000000000000000e+00 0.000000000000000000e+00 0.000000000000000000e+00
7.853999999999999451e-12 9.299999999999999897e-08 0.000000000000000000e+00 0.000000000000000000e+00 9.449999999999999420e-10 0.000000000000000000e+00 0.000000000000000000e+00 0.000000000000000000e+00
7.724000000000000611e-12 9.299999999999999897e-08 0.000000000000000000e+00 0.000000000000000000e+00 9.449999999999999420e-10 0.000000000000000000e+00 0.000000000000000000e+00 0.000000000000000000e+00
7.969999999999999361e-12 9.299999999999999897e-08 0.000000000000000000e+00 0.000000000000000000e+00 9.449999999999999420e-10 0.000000000000000000e+00 0.000000000000000000e+00 0.000000000000000000e+00
7.852000000000000066e-12 9.299999999999999897e-08 0.000000000000000000e+00 0.000000000000000000e+00 9.449999999999999420e-10 0.000000000000000000e+00 0.000000000000000000e+00 0.000000000000000000e+00
7.733000000000000270e-12 9.299999999999999897e-08 0.000000000000000000e+00 0.000000000000000000e+00 9.449999999999999420e-10 0.000000000000000000e+00 0.000000000000000000e+00 0.000000000000000000e+00
7.615999999999999860e-12 9.299999999999999897e-08 0.000000000000000000e+00 0.000000000000000000e+00 9.449999999999999420e-10 0.000000000000000000e+00 0.000000000000000000e+00 0.000000000000000000e+00
7.498000000000000564e-12 9.299999999999999897e-08 0.000000000000000000e+00 0.000000000000000000e+00 9.449999999999999420e-10 0.000000000000000000e+00 0.000000000000000000e+00 0.000000000000000000e+00
7.381000000000000154e-12 9.299999999999999897e-08 0.000000000000000000e+00 0.000000000000000000e+00 9.449999999999999420e-10 0.000000000000000000e+00 0.000000000000000000e+00 0.000000000000000000e+00
7.265000000000000245e-12 9.299999999999999897e-08 0.000000000000000000e+00 0.000000000000000000e+00 9.449999999999999420e-10 0.000000000000000000e+00 0.000000000000000000e+00 0.000000000000000000e+00
7.149000000000000335e-12 9.299999999999999897e-08 0.000000000000000000e+00 0.000000000000000000e+00 9.449999999999999420e-10 0.000000000000000000e+00 0.000000000000000000e+00 0.000000000000000000e+00
7.034000000000000118e-12 9.299999999999999897e-08 0.000000000000000000e+00 0.000000000000000000e+00 9.449999999999999420e-10 0.000000000000000000e+00 0.000000000000000000e+00 0.000000000000000000e+00
6.920000000000000402e-12 9.299999999999999897e-08 0.000000000000000000e+00 0.000000000000000000e+00 9.449999999999999420e-10 0.000000000000000000e+00 0.000000000000000000e+00 0.000000000000000000e+00
6.807000000000000379e-12 9.299999999999999897e-08 0.000000000000000000e+00 0.000000000000000000e+00 9.449999999999999420e-10 0.000000000000000000e+00 0.000000000000000000e+00 0.000000000000000000e+00
6.694000000000000355e-12 9.299999999999999897e-08 0.000000000000000000e+00 0.000000000000000000e+00 9.449999999999999420e-10 0.000000000000000000e+00 0.000000000000000000e+00 0.000000000000000000e+00
6.582000000000000025e-12 9.299999999999999897e-08 0.000000000000000000e+00 0.000000000000000000e+00 9.449999999999999420e-10 0.000000000000000000e+00 0.000000000000000000e+00 0.000000000000000000e+00
6.471000000000000195e-12 9.299999999999999897e-08 0.000000000000000000e+00 0.000000000000000000e+00 9.449999999999999420e-10 0.000000000000000000e+00 0.000000000000000000e+00 0.000000000000000000e+00
6.361999999999999750e-12 9.299999999999999897e-08 0.000000000000000000e+00 0.000000000000000000e+00 9.449999999999999420e-10 0.000000000000000000e+00 0.000000000000000000e+00 0.000000000000000000e+00
