4.092999999999999924e-07 0.000000000000000000e+00 0.000000000000000000e+00 0.000000000000000000e+00 3.080000000000000221e-10 0.000000000000000000e+00 0.000000000000000000e+00 0.000000000000000000e+00
3.977000000000000209e-07 0.000000000000000000e+00 0.000000000000000000e+00 0.000000000000000000e+00 3.076999999999999818e-10 0.000000000000000000e+00 0.000000000000000000e+00 0.000000000000000000e+00
3.864000000000000189e-07 0.000000000000000000e+00 0.000000000000000000e+00 0.000000000000000000e+00 3.073000000000000142e-10 0.000000000000000000e+00 0.000000000000000000e+00 0.000000000000000000e+00
3.754999999999999941e-07 0.000000000000000000e+00 0.000000000000000000e+00 0.000000000000000000e+00 3.068999999999999949e-10 0.000000000000000000e+00 0.000000000000000000e+00 0.000000000000000000e+00
3.647999999999999843e-07 0.000000000000000000e+00 0.000000000000000000e+00 0.000000000000000000e+00 3.064999999999999756e-10 0.000000000000000000e+00 0.000000000000000000e+00 0.000000000000000000e+00
3.545000000000000046e-07 0.000000000000000000e+00 0.000000000000000000e+00 0.000000000000000000e+00 3.061000000000000080e-10 0.000000000000000000e+00 0.000000000000000000e+00 0.000000000000000000e+00
3.443999999999999870e-07 0.000000000000000000e+00 0.000000000000000000e+00 0.000000000000000000e+00 3.056999999999999887e-10 0.000000000000000000e+00 0.000000000000000000e+00 0.000000000000000000e+00
3.345999999999999918e-07 0.000000000000000000e+00 0.000000000000000000e+00 0.000000000000000000e+00 3.051999999999999904e-10 0.000000000000000000e+00 0.000000000000000000e+00 0.000000000000000000e+00
3.251000000000000193e-07 0.000000000000000000e+00 0.000000000000000000e+00 0.000000000000000000e+00 3.046999999999999921e-10 0.000000000000000000e+00 0.000000000000000000e+00 0.000000000000000000e+00
3.159000000000000163e-07 0.000000000000000000e+00 0.000000000000000000e+00 0.000000000000000000e+00 3.041999999999999938e-10 0.000000000000000000e+00 0.000000000000000000e+00 0.000000000000000000e+00
3.068999999999999754e-07 0.000000000000000000e+00 0.000000000000000000e+00 0.000000000000000000e+00 3.036000000000000166e-10 0.000000000000000000e+00 0.000000000000000000e+00 0.000000000000000000e+00
2.982000000000000100e-07 0.000000000000000000e+00 0.000000000000000000e+00 0.000000000000000000e+00 3.029999999999999876e-10 0.000000000000000000e+00 0.000000000000000000e+00 0.000000000000000000e+00
2.898000000000000142e-07 0.000000000000000000e+00 0.000000000000000000e+00 0.000000000000000000e+00 3.024000000000000104e-10 0.000000000000000000e+00 0.000000000000000000e+00 0.000000000000000000e+00
2.815999999999999805e-07 0.000000000000000000e+00 0.000000000000000000e+00 0.000000000000000000e+00 3.017000000000000025e-10 0.000000000000000000e+00 0.000000000000000000e+00 0.000000000000000000e+00
2.736000000000000147e-07 0.000000000000000000e+00 0.000000000000000000e+00 0.000000000000000000e+00 3.009999999999999946e-10 0.000000000000000000e+00 0.000000000000000000e+00 0.000000000000000000e+00
2.658000000000000111e-07 0.000000000000000000e+00 0.000000000000000000e+00 0.000000000000000000e+00 3.002000000000000077e-10 0.000000000000000000e+00 0.000000000000000000e+00 0.000000000000000000e+00
2.582999999999999770e-07 0.000000000000000000e+00 0.000000000000000000e+00 0.000000000000000000e+00 2.994000000000000208e-10 0.000000000000000000e+00 0.000000000000000000e+00 0.000000000000000000e+00
2.509000000000000034e-07 0.000000000000000000e+00 0.000000000000000000e+00 0.000000000000000000e+00 2.985999999999999822e-10 0.000000000000000000e+00 0.000000000000000000e+00 0.000000000000000000e+00
2.437999999999999993e-07 0.000000000000000000e+00 0.000000000000000000e+00 0.000000000000000000e+00 2.977000000000000163e-10 0.000000000000000000e+00 0.000000000000000000e+00 0.000000000000000000e+00
2.369000000000000103e-07 0.000000000000000000e+00 0.000000000000000000e+00 0.000000000000000000e+00 2.967000000000000197e-10 0.000000000000000000e+00 0.000000000000000000e+00 0.000000000000000000e+00
2.302000000000000099e-07 0.000000000000000000e+00 0.000000000000000000e+00 0.000000000000000000e+00 2.957000000000000232e-10 0.000000000000000000e+00 0.000000000000000000e+00 0.000000000000000000e+00
2.235999999999999905e-07 0.000000000000000000e+00 0.000000000000000000e+00 0.000000000000000000e+00 2.946999999999999749e-10 0.000000000000000000e+00 0.000000000000000000e+00 0.000000000000000000e+00
2.172999999999999937e-07 0.000000000000000000e+00 0.000000000000000000e+00 0.000000000000000000e+00 2.935999999999999994e-10 0.000000000000000000e+00 0.000000000000000000e+00 0.000000000000000000e+00
2.111000000000000043e-07 0.000000000000000000e+00 0.000000000000000000e+00 0.000000000000000000e+00 2.923999999999999932e-10 0.000000000000000000e+00 0.000000000000000000e+00 0.000000000000000000e+00
2.051000000000000035e-07 0.000000000000000000e+00 0.000000000000000000e+00 0.000000000000000000e+00 2.911000000000000081e-10 0.000000000000000000e+00 0.000000000000000000e+00 0.000000000000000000e+00
1.992999999999999913e-07 0.000000000000000000e+00 0.000000000000000000e+00 0.000000000000000000e+00 2.903000000000000212e-10 0.000000000000000000e+00 0.000000000000000000e+00 0.000000000000000000e+00
1.936999999999999941e-07 0.000000000000000000e+00 0.000000000000000000e+00 0.000000000000000000e+00 2.896000000000000132e-10 0.000000000000000000e+00 0.000000000000000000e+00 0.000000000000000000e+00
1.882000000000000044e-07 0.000000000000000000e+00 0.000000000000000000e+00 0.000000000000000000e+00 2.887999999999999746e-10 0.000000000000000000e+00 0.000000000000000000e+00 0.000000000000000000e+00
1.827999999999999958e-07 0.000000000000000000e+00 0.000000000000000000e+00 0.000000000000000000e+00 2.879999999999999877e-10 0.000000000000000000e+00 0.000000000000000000e+00 0.000000000000000000e+00
1.776000000000000021e-07 0.000000000000000000e+00 0.000000000000000000e+00 0.000000000000000000e+00 2.871000000000000219e-10 0.000000000000000000e+00 0.000000000000000000e+00 0.000000000000000000e+00
1.725999999999999971e-07 0.000000000000000000e+00 0.000000000000000000e+00 0.000000000000000000e+00 2.861000000000000253e-10 0.000000000000000000e+00 0.000000000000000000e+00 0.000000000000000000e+00
1.676999999999999995e-07 0.000000000000000000e+00 0.000000000000000000e+00 0.000000000000000000e+00 2.850999999999999771e-10 0.000000000000000000e+00 0.000000000000000000e+00 0.000000000000000000e+00
1.629999999999999905e-07 0.000000000000000000e+00 0.000000000000000000e+00 0.000000000000000000e+00 2.840999999999999805e-10 0.000000000000000000e+00 0.000000000000000000e+00 0.000000000000000000e+00
1.583000000000000080e-07 0.000000000000000000e+00 0.000000000000000000e+00 0.000000000000000000e+00 2.828999999999999743e-10 0.000000000000000000e+00 0.000000000000000000e+00 0.000000000000000000e+00
1.537999999999999875e-07 0.000000000000000000e+00 0.000000000000000000e+00 0.000000000000000000e+00 2.818999999999999778e-10 0.000000000000000000e+00 0.000000000000000000e+00 0.000000000000000000e+00
1.495000000000000086e-07 0.000000000000000000e+00 0.000000000000000000e+00 0.000000000000000000e+00 2.812000000000000216e-10 0.000000000000000000e+00 0.000000000000000000e+00 0.000000000000000000e+00
1.452000000000000032e-07 0.000000000000000000e+00 0.000000000000000000e+00 0.000000000000000000e+00 2.803999999999999830e-10 0.000000000000000000e+00 0.000000000000000000e+00 0.000000000000000000e+00
1.411000000000000128e-07 0.000000000000000000e+00 0.000000000000000000e+00 0.000000000000000000e+00 2.795999999999999961e-10 0.000000000000000000e+00 0.000000000000000000e+00 0.000000000000000000e+00
1.371000000000000034e-07 0.000000000000000000e+00 0.000000000000000000e+00 0.000000000000000000e+00 2.788000000000000092e-10 0.000000000000000000e+00 0.000000000000000000e+00 0.000000000000000000e+00
1.332000000000000016e-07 0.000000000000000000e+00 0.000000000000000000e+00 0.000000000000000000e+00 2.778999999999999916e-10 0.000000000000000000e+00 0.000000000000000000e+00 0.000000000000000000e+00
1.294000000000000073e-07 0.000000000000000000e+00 0.000000000000000000e+00 0.000000000000000000e+00 2.770000000000000257e-10 0.000000000000000000e+00 0.000000000000000000e+00 0.000000000000000000e+00
1.258000000000000015e-07 0.000000000000000000e+00 0.000000000000000000e+00 0.000000000000000000e+00 2.771000000000000047e-10 0.000000000000000000e+00 0.000000000000000000e+00 0.000000000000000000e+00
1.223000000000000033e-07 0.000000000000000000e+00 0.000000000000000000e+00 0.000000000000000000e+00 2.771999999999999837e-10 0.000000000000000000e+00 0.000000000000000000e+00 0.000000000000000000e+00
1.188999999999999993e-07 0.000000000000000000e+00 0.000000000000000000e+00 0.000000000000000000e+00 2.773999999999999933e-10 0.000000000000000000e+00 0.000000000000000000e+00 0.000000000000000000e+00
1.156000000000000028e-07 0.000000000000000000e+00 0.000000000000000000e+00 0.000000000000000000e+00 2.775000000000000240e-10 0.000000000000000000e+00 0.000000000000000000e+00 0.000000000000000000e+00
1.123000000000000064e-07 0.000000000000000000e+00 0.000000000000000000e+00 0.000000000000000000e+00 2.776999999999999820e-10 0.000000000000000000e+00 0.000000000000000000e+00 0.000000000000000000e+00
1.091999999999999984e-07 0.000000000000000000e+00 0.000000000000000000e+00 0.000000000000000000e+00 2.778000000000000126e-10 0.000000000000000000e+00 0.000000000000000000e+00 0.000000000000000000e+00
1.061999999999999981e-07 0.000000000000000000e+00 0.000000000000000000e+00 0.000000000000000000e+00 2.780000000000000223e-10 0.000000000000000000e+00 0.000000000000000000e+00 0.000000000000000000e+00
1.031999999999999977e-07 0.000000000000000000e+00 0.000000000000000000e+00 0.000000000000000000e+00 2.781999999999999802e-10 0.000000000000000000e+00 0.000000000000000000e+00 0.000000000000000000e+00
1.001999999999999973e-07 0.000000000000000000e+00 0.000000000000000000e+00 0.000000000000000000e+00 2.783999999999999899e-10 0.000000000000000000e+00 0.000000000000000000e+00 0.000000000000000000e+00
9.739000000000000056e-08 0.000000000000000000e+00 0.000000000000000000e+00 0.000000000000000000e+00 2.785999999999999995e-10 0.000000000000000000e+00 0.000000000000000000e+00 0.000000000000000000e+00
9.461999999999999627e-08 0.000000000000000000e+00 0.000000000000000000e+00 0.000000000000000000e+00 2.788000000000000092e-10 0.000000000000000000e+00 0.000000000000000000e+00 0.000000000000000000e+00
9.194000000000000139e-08 0.000000000000000000e+00 0.000000000000000000e+00 0.000000000000000000e+00 2.790000000000000188e-10 0.000000000000000000e+00 0.000000000000000000e+00 0.000000000000000000e+00
8.933000000000000647e-08 0.000000000000000000e+00 0.000000000000000000e+00 0.000000000000000000e+00 2.791999999999999768e-10 0.000000000000000000e+00 0.000000000000000000e+00 0.000000000000000000e+00
8.679999999999999639e-08 0.000000000000000000e+00 0.000000000000000000e+00 0.000000000000000000e+00 2.795000000000000171e-10 0.000000000000000000e+00 0.000000000000000000e+00 0.000000000000000000e+00
8.433000000000000140e-08 0.000000000000000000e+00 0.000000000000000000e+00 0.000000000000000000e+00 2.796999999999999750e-10 0.000000000000000000e+00 0.000000000000000000e+00 0.000000000000000000e+00
8.194000000000000449e-08 0.000000000000000000e+00 0.000000000000000000e+00 0.000000000000000000e+00 2.800000000000000154e-10 0.000000000000000000e+00 0.000000000000000000e+00 0.000000000000000000e+00
7.961999999999999430e-08 0.000000000000000000e+00 0.000000000000000000e+00 0.000000000000000000e+00 2.803000000000000040e-10 0.000000000000000000e+00 0.000000000000000000e+00 0.000000000000000000e+00
7.735999999999999921e-08 0.000000000000000000e+00 0.000000000000000000e+00 0.000000000000000000e+00 2.805999999999999926e-10 0.000000000000000000e+00 0.000000000000000000e+00 0.000000000000000000e+00
7.516000000000000598e-08 0.000000000000000000e+00 0.000000000000000000e+00 0.000000000000000000e+00 2.810000000000000119e-10 0.000000000000000000e+00 0.000000000000000000e+00 0.000000000000000000e+00
7.302999999999999948e-08 0.000000000000000000e+00 0.000000000000000000e+00 0.000000000000000000e+00 2.828999999999999743e-10 0.000000000000000000e+00 0.000000000000000000e+00 0.000000000000000000e+00
7.095999999999999484e-08 0.000000000000000000e+00 0.000000000000000000e+00 0.000000000000000000e+00 2.852000000000000078e-10 0.000000000000000000e+00 0.000000000000000000e+00 0.000000000000000000e+00
6.895000000000000530e-08 0.000000000000000000e+00 0.000000000000000000e+00 0.000000000000000000e+00 2.876000000000000201e-10 0.000000000000000000e+00 0.000000000000000000e+00 0.000000000000000000e+00
6.699000000000000628e-08 0.000000000000000000e+00 0.000000000000000000e+00 0.000000000000000000e+00 2.901000000000000115e-10 0.000000000000000000e+00 0.000000000000000000e+00 0.000000000000000000e+00
6.508999999999999588e-08 0.000000000000000000e+00 0.000000000000000000e+00 0.000000000000000000e+00 2.928000000000000125e-10 0.000000000000000000e+00 0.000000000000000000e+00 0.000000000000000000e+00
6.324000000000000247e-08 0.000000000000000000e+00 0.000000000000000000e+00 0.000000000000000000e+00 2.955999999999999925e-10 0.000000000000000000e+00 0.000000000000000000e+00 0.000000000000000000e+00
6.144999999999999770e-08 0.000000000000000000e+00 0.000000000000000000e+00 0.000000000000000000e+00 2.985999999999999822e-10 0.000000000000000000e+00 0.000000000000000000e+00 0.000000000000000000e+00
5.969999999999999857e-08 0.000000000000000000e+00 0.000000000000000000e+00 0.000000000000000000e+00 3.017999999999999814e-10 0.000000000000000000e+00 0.000000000000000000e+00 0.000000000000000000e+00
5.801000000000000130e-08 0.000000000000000000e+00 0.000000000000000000e+00 0.000000000000000000e+00 3.051000000000000114e-10 0.000000000000000000e+00 0.000000000000000000e+00 0.000000000000000000e+00
5.636000000000000307e-08 0.000000000000000000e+00 0.000000000000000000e+00 0.000000000000000000e+00 3.086999999999999783e-10 0.000000000000000000e+00 0.000000000000000000e+00 0.000000000000000000e+00
5.477000000000000008e-08 0.000000000000000000e+00 0.000000000000000000e+00 0.000000000000000000e+00 3.125000000000000065e-10 0.000000000000000000e+00 0.000000000000000000e+00 0.000000000000000000e+00
5.320999999999999803e-08 0.000000000000000000e+00 0.000000000000000000e+00 0.000000000000000000e+00 3.164999999999999927e-10 0.000000000000000000e+00 0.000000000000000000e+00 0.000000000000000000e+00
5.173999999999999876e-08 0.000000000000000000e+00 0.000000000000000000e+00 0.000000000000000000e+00 3.209999999999999772e-10 0.000000000000000000e+00 0.000000000000000000e+00 0.000000000000000000e+00
5.030999999999999853e-08 0.000000000000000000e+00 0.000000000000000000e+00 0.000000000000000000e+00 3.258999999999999809e-10 0.000000000000000000e+00 0.000000000000000000e+00 0.000000000000000000e+00
4.893000000000000205e-08 0.000000000000000000e+00 0.000000000000000000e+00 0.000000000000000000e+00 3.309999999999999944e-10 0.000000000000000000e+00 0.000000000000000000e+00 0.000000000000000000e+00
4.757999999999999989e-08 0.000000000000000000e+00 0.000000000000000000e+00 0.000000000000000000e+00 3.364999999999999754e-10 0.000000000000000000e+00 0.000000000000000000e+00 0.000000000000000000e+00
4.622999999999999773e-08 0.000000000000000000e+00 0.000000000000000000e+00 0.000000000000000000e+00 3.422999999999999967e-10 0.000000000000000000e+00 0.000000000000000000e+00 0.000000000000000000e+00
4.492000000000000122e-08 0.000000000000000000e+00 0.000000000000000000e+00 0.000000000000000000e+00 3.484000000000000066e-10 0.000000000000000000e+00 0.000000000000000000e+00 0.000000000000000000e+00
4.364999999999999712e-08 0.000000000000000000e+00 0.000000000000000000e+00 0.000000000000000000e+00 3.548999999999999842e-10 0.000000000000000000e+00 0.000000000000000000e+00 0.000000000000000000e+00
4.241000000000000058e-08 0.000000000000000000e+00 0.000000000000000000e+00 0.000000000000000000e+00 3.616000000000000231e-10 0.000000000000000000e+00 0.000000000000000000e+00 0.000000000000000000e+00
4.119999999999999835e-08 0.000000000000000000e+00 0.000000000000000000e+00 0.000000000000000000e+00 3.688000000000000086e-10 0.000000000000000000e+00 0.000000000000000000e+00 0.000000000000000000e+00
4.003999999999999987e-08 0.000000000000000000e+00 0.000000000000000000e+00 0.000000000000000000e+00 3.764000000000000134e-10 0.000000000000000000e+00 0.000000000000000000e+00 0.000000000000000000e+00
3.889999999999999760e-08 0.000000000000000000e+00 0.000000000000000000e+00 0.000000000000000000e+00 3.845000000000000164e-10 0.000000000000000000e+00 0.000000000000000000e+00 0.000000000000000000e+00
3.780000000000000099e-08 0.000000000000000000e+00 0.000000000000000000e+00 0.000000000000000000e+00 3.929999999999999870e-10 0.000000000000000000e+00 0.000000000000000000e+00 0.000000000000000000e+00
3.672000000000000058e-08 0.000000000000000000e+00 0.000000000000000000e+00 0.000000000000000000e+00 4.020000000000000077e-10 0.000000000000000000e+00 0.000000000000000000e+00 0.000000000000000000e+00
3.567999999999999921e-08 0.000000000000000000e+00 0.000000000000000000e+00 0.000000000000000000e+00 4.116000000000000055e-10 0.000000000000000000e+00 0.000000000000000000e+00 0.000000000000000000e+00
3.472000000000000253e-08 0.000000000000000000e+00 0.000000000000000000e+00 0.000000000000000000e+00 4.217000000000000017e-10 0.000000000000000000e+00 0.000000000000000000e+00 0.000000000000000000e+00
3.379000000000000015e-08 0.000000000000000000e+00 0.000000000000000000e+00 0.000000000000000000e+00 4.323999999999999751e-10 0.000000000000000000e+00 0.000000000000000000e+00 0.000000000000000000e+00
3.284000000000000157e-08 0.000000000000000000e+00 0.000000000000000000e+00 0.000000000000000000e+00 4.438000000000000081e-10 0.000000000000000000e+00 0.000000000000000000e+00 0.000000000000000000e+00
3.190999999999999920e-08 0.000000000000000000e+00 0.000000000000000000e+00 0.000000000000000000e+00 4.558000000000000183e-10 0.000000000000000000e+00 0.000000000000000000e+00 0.000000000000000000e+00
3.099999999999999966e-08 0.000000000000000000e+00 0.000000000000000000e+00 0.000000000000000000e+00 4.686000000000000155e-10 0.000000000000000000e+00 0.000000000000000000e+00 0.000000000000000000e+00
3.012000000000000104e-08 0.000000000000000000e+00 0.000000000000000000e+00 0.000000000000000000e+00 4.821000000000000206e-10 0.000000000000000000e+00 0.000000000000000000e+00 0.000000000000000000e+00
2.935000000000000142e-08 0.000000000000000000e+00 0.000000000000000000e+00 0.000000000000000000e+00 4.963999999999999609e-10 0.000000000000000000e+00 0.000000000000000000e+00 0.000000000000000000e+00
2.853999999999999947e-08 0.000000000000000000e+00 0.000000000000000000e+00 0.000000000000000000e+00 4.970000000000000415e-10 0.000000000000000000e+00 0.000000000000000000e+00 0.000000000000000000e+00
2.773000000000000082e-08 0.000000000000000000e+00 0.000000000000000000e+00 0.000000000000000000e+00 4.970000000000000415e-10 0.000000000000000000e+00 0.000000000000000000e+00 0.000000000000000000e+00
2.694999999999999979e-08 0.000000000000000000e+00 0.000000000000000000e+00 0.000000000000000000e+00 4.970000000000000415e-10 0.000000000000000000e+00 0.000000000000000000e+00 0.000000000000000000e+00
2.619000000000000158e-08 0.000000000000000000e+00 0.000000000000000000e+00 0.000000000000000000e+00 4.970000000000000415e-10 0.000000000000000000e+00 0.000000000000000000e+00 0.000000000000000000e+00
2.546000000000000100e-08 0.000000000000000000e+00 0.000000000000000000e+00 0.000000000000000000e+00 4.970000000000000415e-10 0.000000000000000000e+00 0.000000000000000000e+00 0.000000000000000000e+00
2.473999999999999853e-08 0.000000000000000000e+00 0.000000000000000000e+00 0.000000000000000000e+00 4.970000000000000415e-10 0.000000000000000000e+00 0.000000000000000000e+00 0.000000000000000000e+00
2.403999999999999888e-08 0.000000000000000000e+00 0.000000000000000000e+00 0.000000000000000000e+00 4.970000000000000415e-10 0.000000000000000000e+00 0.000000000000000000e+00 0.000000000000000000e+00
2.337000000000000015e-08 0.000000000000000000e+00 0.000000000000000000e+00 0.000000000000000000e+00 4.970000000000000415e-10 0.000000000000000000e+00 0.000000000000000000e+00 0.000000000000000000e+00
2.270999999999999954e-08 0.000000000000000000e+00 0.000000000000000000e+00 0.000000000000000000e+00 4.970000000000000415e-10 0.000000000000000000e+00 0.000000000000000000e+00 0.000000000000000000e+00
2.207999999999999985e-08 0.000000000000000000e+00 0.000000000000000000e+00 0.000000000000000000e+00 4.970000000000000415e-10 0.000000000000000000e+00 0.000000000000000000e+00 0.000000000000000000e+00
2.146000000000000158e-08 0.000000000000000000e+00 0.000000000000000000e+00 0.000000000000000000e+00 4.970000000000000415e-10 0.000000000000000000e+00 0.000000000000000000e+00 0.000000000000000000e+00
2.085999999999999952e-08 0.000000000000000000e+00 0.000000000000000000e+00 0.000000000000000000e+00 4.970000000000000415e-10 0.000000000000000000e+00 0.000000000000000000e+00 0.000000000000000000e+00
2.028999999999999838e-08 0.000000000000000000e+00 0.000000000000000000e+00 0.000000000000000000e+00 4.970000000000000415e-10 0.000000000000000000e+00 0.000000000000000000e+00 0.000000000000000000e+00
1.972999999999999866e-08 0.000000000000000000e+00 0.000000000000000000e+00 0.000000000000000000e+00 4.970000000000000415e-10 0.000000000000000000e+00 0.000000000000000000e+00 0.000000000000000000e+00
1.919999999999999987e-08 0.000000000000000000e+00 0.000000000000000000e+00 0.000000000000000000e+00 4.970000000000000415e-10 0.000000000000000000e+00 0.000000000000000000e+00 0.000000000000000000e+00
1.867999999999999919e-08 0.000000000000000000e+00 0.000000000000000000e+00 0.000000000000000000e+00 4.970000000000000415e-10 0.000000000000000000e+00 0.000000000000000000e+00 0.000000000000000000e+00
1.818000000000000133e-08 0.000000000000000000e+00 0.000000000000000000e+00 0.000000000000000000e+00 4.970000000000000415e-10 0.000000000000000000e+00 0.000000000000000000e+00 0.000000000000000000e+00
1.769000000000000157e-08 0.000000000000000000e+00 0.000000000000000000e+00 0.000000000000000000e+00 4.970000000000000415e-10 0.000000000000000000e+00 0.000000000000000000e+00 0.000000000000000000e+00
1.720999999999999992e-08 0.000000000000000000e+00 0.000000000000000000e+00 0.000000000000000000e+00 4.970000000000000415e-10 0.000000000000000000e+00 0.000000000000000000e+00 0.000000000000000000e+00
1.675000000000000109e-08 0.000000000000000000e+00 0.000000000000000000e+00 0.000000000000000000e+00 4.970000000000000415e-10 0.000000000000000000e+00 0.000000000000000000e+00 0.000000000000000000e+00
1.630999999999999848e-08 0.000000000000000000e+00 0.000000000000000000e+00 0.000000000000000000e+00 4.970000000000000415e-10 0.000000000000000000e+00 0.000000000000000000e+00 0.000000000000000000e+00
1.588000000000000058e-08 0.000000000000000000e+00 0.000000000000000000e+00 0.000000000000000000e+00 4.970000000000000415e-10 0.000000000000000000e+00 0.000000000000000000e+00 0.000000000000000000e+00
1.546000000000000079e-08 0.000000000000000000e+00 0.000000000000000000e+00 0.000000000000000000e+00 4.970000000000000415e-10 0.000000000000000000e+00 0.000000000000000000e+00 0.000000000000000000e+00
1.504999999999999911e-08 0.000000000000000000e+00 0.000000000000000000e+00 0.000000000000000000e+00 4.970000000000000415e-10 0.000000000000000000e+00 0.000000000000000000e+00 0.000000000000000000e+00
1.466000000000000025e-08 0.000000000000000000e+00 0.000000000000000000e+00 0.000000000000000000e+00 4.970000000000000415e-10 0.000000000000000000e+00 0.000000000000000000e+00 0.000000000000000000e+00
1.427999999999999949e-08 0.000000000000000000e+00 0.000000000000000000e+00 0.000000000000000000e+00 4.970000000000000415e-10 0.000000000000000000e+00 0.000000000000000000e+00 0.000000000000000000e+00
1.391000000000000015e-08 0.000000000000000000e+00 0.000000000000000000e+00 0.000000000000000000e+00 4.970000000000000415e-10 0.000000000000000000e+00 0.000000000000000000e+00 0.000000000000000000e+00
1.355000000000000056e-08 0.000000000000000000e+00 0.000000000000000000e+00 0.000000000000000000e+00 4.970000000000000415e-10 0.000000000000000000e+00 0.000000000000000000e+00 0.000000000000000000e+00
1.318999999999999933e-08 0.000000000000000000e+00 0.000000000000000000e+00 0.000000000000000000e+00 4.970000000000000415e-10 0.000000000000000000e+00 0.000000000000000000e+00 0.000000000000000000e+00
1.284999999999999926e-08 0.000000000000000000e+00 0.000000000000000000e+00 0.000000000000000000e+00 4.970000000000000415e-10 0.000000000000000000e+00 0.000000000000000000e+00 0.000000000000000000e+00
1.252000000000000061e-08 0.000000000000000000e+00 0.000000000000000000e+00 0.000000000000000000e+00 4.970000000000000415e-10 0.000000000000000000e+00 0.000000000000000000e+00 0.000000000000000000e+00
1.219000000000000030e-08 0.000000000000000000e+00 0.000000000000000000e+00 0.000000000000000000e+00 4.970000000000000415e-10 0.000000000000000000e+00 0.000000000000000000e+00 0.000000000000000000e+00
1.187999999999999951e-08 0.000000000000000000e+00 0.000000000000000000e+00 0.000000000000000000e+00 4.970000000000000415e-10 0.000000000000000000e+00 0.000000000000000000e+00 0.000000000000000000e+00
1.158000000000000013e-08 0.000000000000000000e+00 0.000000000000000000e+00 0.000000000000000000e+00 4.970000000000000415e-10 0.000000000000000000e+00 0.000000000000000000e+00 0.000000000000000000e+00
1.129000000000000051e-08 0.000000000000000000e+00 0.000000000000000000e+00 0.000000000000000000e+00 4.970000000000000415e-10 0.000000000000000000e+00 0.000000000000000000e+00 0.000000000000000000e+00
1.099999999999999924e-08 0.000000000000000000e+00 0.000000000000000000e+00 0.000000000000000000e+00 4.970000000000000415e-10 0.000000000000000000e+00 0.000000000000000000e+00 0.000000000000000000e+00
1.073000000000000079e-08 0.000000000000000000e+00 0.000000000000000000e+00 0.000000000000000000e+00 4.970000000000000415e-10 0.000000000000000000e+00 0.000000000000000000e+00 0.000000000000000000e+00
1.046000000000000069e-08 0.000000000000000000e+00 0.000000000000000000e+00 0.000000000000000000e+00 4.970000000000000415e-10 0.000000000000000000e+00 0.000000000000000000e+00 0.000000000000000000e+00
1.020000000000000035e-08 0.000000000000000000e+00 0.000000000000000000e+00 0.000000000000000000e+00 4.970000000000000415e-10 0.000000000000000000e+00 0.000000000000000000e+00 0.000000000000000000e+00
9.955999999999999948e-09 0.000000000000000000e+00 0.000000000000000000e+00 0.000000000000000000e+00 4.970000000000000415e-10 0.000000000000000000e+00 0.000000000000000000e+00 0.000000000000000000e+00
9.716000000000000776e-09 0.000000000000000000e+00 0.000000000000000000e+00 0.000000000000000000e+00 4.970000000000000415e-10 0.000000000000000000e+00 0.000000000000000000e+00 0.000000000000000000e+00
9.482999999999999616e-09 0.000000000000000000e+00 0.000000000000000000e+00 0.000000000000000000e+00 4.970000000000000415e-10 0.000000000000000000e+00 0.000000000000000000e+00 0.000000000000000000e+00
9.259000000000000390e-09 0.000000000000000000e+00 0.000000000000000000e+00 0.000000000000000000e+00 4.970000000000000415e-10 0.000000000000000000e+00 0.000000000000000000e+00 0.000000000000000000e+00
9.041999999999999175e-09 0.000000000000000000e+00 0.000000000000000000e+00 0.000000000000000000e+00 4.970000000000000415e-10 0.000000000000000000e+00 0.000000000000000000e+00 0.000000000000000000e+00
8.833000000000000413e-09 0.000000000000000000e+00 0.000000000000000000e+00 0.000000000000000000e+00 4.970000000000000415e-10 0.000000000000000000e+00 0.000000000000000000e+00 0.000000000000000000e+00
8.630999999999999663e-09 0.000000000000000000e+00 0.000000000000000000e+00 0.000000000000000000e+00 4.970000000000000415e-10 0.000000000000000000e+00 0.000000000000000000e+00 0.000000000000000000e+00
8.436000000000000233e-09 0.000000000000000000e+00 0.000000000000000000e+00 0.000000000000000000e+00 4.970000000000000415e-10 0.000000000000000000e+00 0.000000000000000000e+00 0.000000000000000000e+00
8.248000000000000469e-09 0.000000000000000000e+00 0.000000000000000000e+00 0.000000000000000000e+00 4.970000000000000415e-10 0.000000000000000000e+00 0.000000000000000000e+00 0.000000000000000000e+00
8.067000000000000370e-09 0.000000000000000000e+00 0.000000000000000000e+00 0.000000000000000000e+00 4.970000000000000415e-10 0.000000000000000000e+00 0.000000000000000000e+00 0.000000000000000000e+00
7.892999999999999937e-09 0.000000000000000000e+00 0.000000000000000000e+00 0.000000000000000000e+00 4.970000000000000415e-10 0.000000000000000000e+00 0.000000000000000000e+00 0.000000000000000000e+00
7.724999999999999690e-09 0.000000000000000000e+00 0.000000000000000000e+00 0.000000000000000000e+00 4.970000000000000415e-10 0.000000000000000000e+00 0.000000000000000000e+00 0.000000000000000000e+00
7.564000000000000763e-09 0.000000000000000000e+00 0.000000000000000000e+00 0.000000000000000000e+00 4.970000000000000415e-10 0.000000000000000000e+00 0.000000000000000000e+00 0.000000000000000000e+00
7.392000000000000116e-09 0.000000000000000000e+00 0.000000000000000000e+00 0.000000000000000000e+00 4.970000000000000415e-10 0.000000000000000000e+00 0.000000000000000000e+00 0.000000000000000000e+00
7.223999999999999869e-09 0.000000000000000000e+00 0.000000000000000000e+00 0.000000000000000000e+00 4.970000000000000415e-10 0.000000000000000000e+00 0.000000000000000000e+00 0.000000000000000000e+00
7.063000000000000115e-09 0.000000000000000000e+00 0.000000000000000000e+00 0.000000000000000000e+00 4.970000000000000415e-10 0.000000000000000000e+00 0.000000000000000000e+00 0.000000000000000000e+00
6.907999999999999720e-09 0.000000000000000000e+00 0.000000000000000000e+00 0.000000000000000000e+00 4.970000000000000415e-10 0.000000000000000000e+00 0.000000000000000000e+00 0.000000000000000000e+00
6.758000000000000031e-09 0.000000000000000000e+00 0.000000000000000000e+00 0.000000000000000000e+00 4.970000000000000415e-10 0.000000000000000000e+00 0.000000000000000000e+00 0.000000000000000000e+00
6.613999999999999701e-09 0.000000000000000000e+00 0.000000000000000000e+00 0.000000000000000000e+00 4.970000000000000415e-10 0.000000000000000000e+00 0.000000000000000000e+00 0.000000000000000000e+00
6.476000000000000384e-09 0.000000000000000000e+00 0.000000000000000000e+00 0.000000000000000000e+00 4.970000000000000415e-10 0.000000000000000000e+00 0.000000000000000000e+00 0.000000000000000000e+00
6.341999999999999813e-09 0.000000000000000000e+00 0.000000000000000000e+00 0.000000000000000000e+00 4.970000000000000415e-10 0.000000000000000000e+00 0.000000000000000000e+00 0.000000000000000000e+00
6.214000000000000255e-09 0.000000000000000000e+00 0.000000000000000000e+00 0.000000000000000000e+00 4.970000000000000415e-10 0.000000000000000000e+00 0.000000000000000000e+00 0.000000000000000000e+00
6.092000000000000056e-09 0.000000000000000000e+00 0.000000000000000000e+00 0.000000000000000000e+00 4.970000000000000415e-10 0.000000000000000000e+00 0.000000000000000000e+00 0.000000000000000000e+00
5.974000000000000257e-09 0.000000000000000000e+00 0.000000000000000000e+00 0.000000000000000000e+00 4.970000000000000415e-10 0.000000000000000000e+00 0.000000000000000000e+00 0.000000000000000000e+00
5.861000000000000337e-09 0.000000000000000000e+00 0.000000000000000000e+00 0.000000000000000000e+00 4.970000000000000415e-10 0.000000000000000000e+00 0.000000000000000000e+00 0.000000000000000000e+00
5.753000000000000296e-09 0.000000000000000000e+00 0.000000000000000000e+00 0.000000000000000000e+00 4.970000000000000415e-10 0.000000000000000000e+00 0.000000000000000000e+00 0.000000000000000000e+00
5.650000000000000135e-09 0.000000000000000000e+00 0.000000000000000000e+00 0.000000000000000000e+00 4.970000000000000415e-10 0.000000000000000000e+00 0.000000000000000000e+00 0.000000000000000000e+00
5.551000000000000373e-09 0.000000000000000000e+00 0.000000000000000000e+00 0.000000000000000000e+00 4.970000000000000415e-10 0.000000000000000000e+00 0.000000000000000000e+00 0.000000000000000000e+00
