8.813999999999999755e-10 3.529999999999999701e-11 0.000000000000000000e+00 0.000000000000000000e+00 8.500000000000000374e-11 5.779999999999999686e-11 9.399999999999999851e-11 1.110000000000000044e-10
8.563999999999999585e-10 3.529999999999999701e-11 0.000000000000000000e+00 0.000000000000000000e+00 8.500000000000000374e-11 5.779999999999999686e-11 9.399999999999999851e-11 1.110000000000000044e-10
8.320999999999999493e-10 3.529999999999999701e-11 0.000000000000000000e+00 0.000000000000000000e+00 8.500000000000000374e-11 5.779999999999999686e-11 9.399999999999999851e-11 1.110000000000000044e-10
8.085000000000000515e-10 3.529999999999999701e-11 0.000000000000000000e+00 0.000000000000000000e+00 8.500000000000000374e-11 5.779999999999999686e-11 9.399999999999999851e-11 1.110000000000000044e-10
7.855000000000000275e-10 3.529999999999999701e-11 0.000000000000000000e+00 0.000000000000000000e+00 8.500000000000000374e-11 5.779999999999999686e-11 9.399999999999999851e-11 1.110000000000000044e-10
7.633000000000000421e-10 3.529999999999999701e-11 0.000000000000000000e+00 0.000000000000000000e+00 8.500000000000000374e-11 5.779999999999999686e-11 9.399999999999999851e-11 1.110000000000000044e-10
7.416000000000000033e-10 3.529999999999999701e-11 0.000000000000000000e+00 0.000000000000000000e+00 8.500000000000000374e-11 5.779999999999999686e-11 9.399999999999999851e-11 1.110000000000000044e-10
7.205999999999999725e-10 3.529999999999999701e-11 0.000000000000000000e+00 0.000000000000000000e+00 8.500000000000000374e-11 5.779999999999999686e-11 9.399999999999999851e-11 1.110000000000000044e-10
7.000999999999999916e-10 3.529999999999999701e-11 0.000000000000000000e+00 0.000000000000000000e+00 8.500000000000000374e-11 5.779999999999999686e-11 9.399999999999999851e-11 1.110000000000000044e-10
6.803000000000000186e-10 3.529999999999999701e-11 0.000000000000000000e+00 0.000000000000000000e+00 8.500000000000000374e-11 5.779999999999999686e-11 9.399999999999999851e-11 1.110000000000000044e-10
6.609999999999999922e-10 3.529999999999999701e-11 0.000000000000000000e+00 0.000000000000000000e+00 8.500000000000000374e-11 5.779999999999999686e-11 9.399999999999999851e-11 1.110000000000000044e-10
6.422000000000000157e-10 3.529999999999999701e-11 0.000000000000000000e+00 0.000000000000000000e+00 8.500000000000000374e-11 5.779999999999999686e-11 9.399999999999999851e-11 1.110000000000000044e-10
6.240000000000000165e-10 3.529999999999999701e-11 0.000000000000000000e+00 0.000000000000000000e+00 8.500000000000000374e-11 5.779999999999999686e-11 9.399999999999999851e-11 1.110000000000000044e-10
6.062999999999999639e-10 3.529999999999999701e-11 0.000000000000000000e+00 0.000000000000000000e+00 9.824000000000000145e-11 5.779999999999999686e-11 9.871000000000000086e-11 1.155000000000000018e-10
5.890999999999999613e-10 3.529999999999999701e-11 0.000000000000000000e+00 0.000000000000000000e+00 1.129000000000000056e-10 5.779999999999999686e-11 1.038999999999999979e-10 1.203999999999999927e-10
5.724000000000000086e-10 3.529999999999999701e-11 0.000000000000000000e+00 0.000000000000000000e+00 1.283000000000000119e-10 5.779999999999999686e-11 1.094000000000000048e-10 1.256999999999999899e-10
5.560999999999999718e-10 3.529999999999999701e-11 0.000000000000000000e+00 0.000000000000000000e+00 1.447000000000000018e-10 5.779999999999999686e-11 1.152000000000000003e-10 1.311999999999999967e-10
5.402999999999999850e-10 3.529999999999999701e-11 0.000000000000000000e+00 0.000000000000000000e+00 1.620999999999999882e-10 5.779999999999999686e-11 1.213999999999999892e-10 1.370999999999999970e-10
5.250000000000000482e-10 3.529999999999999701e-11 0.000000000000000000e+00 0.000000000000000000e+00 1.804999999999999971e-10 5.779999999999999686e-11 1.279999999999999974e-10 1.433000000000000118e-10
5.101000000000000273e-10 3.529999999999999701e-11 0.000000000000000000e+00 0.000000000000000000e+00 2.000000000000000073e-10 5.779999999999999686e-11 1.348999999999999943e-10 1.498999999999999942e-10
4.956000000000000257e-10 3.529999999999999701e-11 0.000000000000000000e+00 0.000000000000000000e+00 2.205999999999999930e-10 5.779999999999999686e-11 1.422000000000000104e-10 1.568999999999999959e-10
4.815999999999999706e-10 3.529999999999999701e-11 0.000000000000000000e+00 0.000000000000000000e+00 2.424999999999999898e-10 5.779999999999999686e-11 1.499999999999999990e-10 1.642999999999999910e-10
4.679000000000000076e-10 3.529999999999999701e-11 0.000000000000000000e+00 0.000000000000000000e+00 2.603000000000000214e-10 5.779999999999999686e-11 1.582000000000000069e-10 1.722000000000000102e-10
4.546000000000000121e-10 3.529999999999999701e-11 0.000000000000000000e+00 0.000000000000000000e+00 2.616999999999999855e-10 5.779999999999999686e-11 1.669999999999999920e-10 1.804999999999999971e-10
4.416999999999999843e-10 3.529999999999999701e-11 0.000000000000000000e+00 0.000000000000000000e+00 2.631999999999999803e-10 5.779999999999999686e-11 1.761999999999999964e-10 1.893000000000000080e-10
4.291999999999999758e-10 3.748000000000000266e-11 0.000000000000000000e+00 0.000000000000000000e+00 2.648000000000000058e-10 5.779999999999999686e-11 1.783999999999999992e-10 1.915999999999999898e-10
4.170000000000000076e-10 3.998000000000000049e-11 0.000000000000000000e+00 0.000000000000000000e+00 2.663999999999999796e-10 5.779999999999999686e-11 1.799999999999999988e-10 1.935000000000000039e-10
4.052000000000000070e-10 4.264000000000000087e-11 0.000000000000000000e+00 0.000000000000000000e+00 2.682000000000000148e-10 5.779999999999999686e-11 1.818000000000000081e-10 1.954999999999999970e-10
3.941999999999999932e-10 4.545000000000000202e-11 0.000000000000000000e+00 0.000000000000000000e+00 2.700999999999999772e-10 5.779999999999999686e-11 1.835999999999999915e-10 1.975999999999999949e-10
3.954999999999999784e-10 4.843000000000000104e-11 0.000000000000000000e+00 0.000000000000000000e+00 2.731000000000000185e-10 5.779999999999999686e-11 1.855000000000000057e-10 1.997999999999999976e-10
3.971000000000000039e-10 5.157999999999999792e-11 0.000000000000000000e+00 0.000000000000000000e+00 2.761999999999999871e-10 5.779999999999999686e-11 1.876000000000000036e-10 2.022000000000000100e-10
3.990000000000000180e-10 5.492000000000000267e-11 0.000000000000000000e+00 0.000000000000000000e+00 2.795999999999999961e-10 5.779999999999999686e-11 1.897000000000000015e-10 2.047000000000000014e-10
4.012999999999999997e-10 5.845999999999999768e-11 0.000000000000000000e+00 0.000000000000000000e+00 2.830999999999999840e-10 5.779999999999999686e-11 1.925000000000000073e-10 2.075000000000000072e-10
4.037999999999999911e-10 6.220999999999999766e-11 0.000000000000000000e+00 0.000000000000000000e+00 2.867999999999999815e-10 5.779999999999999686e-11 1.954999999999999970e-10 2.104999999999999969e-10
4.067999999999999808e-10 6.617999999999999791e-11 0.000000000000000000e+00 0.000000000000000000e+00 2.908000000000000194e-10 5.779999999999999686e-11 1.985999999999999914e-10 2.135999999999999913e-10
4.099999999999999800e-10 7.039000000000000198e-11 0.000000000000000000e+00 0.000000000000000000e+00 2.950000000000000153e-10 5.779999999999999686e-11 2.020000000000000004e-10 2.170000000000000003e-10
4.135999999999999986e-10 7.505000000000000191e-11 0.000000000000000000e+00 0.000000000000000000e+00 2.994000000000000208e-10 5.779999999999999686e-11 2.054999999999999883e-10 2.204999999999999882e-10
4.175000000000000058e-10 7.998000000000000453e-11 0.000000000000000000e+00 0.000000000000000000e+00 3.041000000000000149e-10 5.779999999999999686e-11 2.095000000000000003e-10 2.242999999999999906e-10
4.217999999999999807e-10 8.520000000000000047e-11 0.000000000000000000e+00 0.000000000000000000e+00 3.090999999999999976e-10 5.779999999999999686e-11 2.138000000000000010e-10 2.283000000000000026e-10
4.264999999999999748e-10 9.074000000000000150e-11 0.000000000000000000e+00 0.000000000000000000e+00 3.144000000000000207e-10 5.779999999999999686e-11 2.182000000000000065e-10 2.324999999999999985e-10
4.315000000000000092e-10 9.659999999999999470e-11 0.000000000000000000e+00 0.000000000000000000e+00 3.199999999999999806e-10 5.779999999999999686e-11 2.230000000000000054e-10 2.370000000000000088e-10
4.308000000000000013e-10 1.032999999999999948e-10 0.000000000000000000e+00 0.000000000000000000e+00 3.246999999999999747e-10 6.024999999999999874e-11 2.274000000000000109e-10 2.414000000000000142e-10
4.305999999999999916e-10 1.102999999999999965e-10 0.000000000000000000e+00 0.000000000000000000e+00 3.297999999999999882e-10 6.284999999999999493e-11 2.322000000000000098e-10 2.461999999999999873e-10
4.307000000000000223e-10 1.177999999999999965e-10 0.000000000000000000e+00 0.000000000000000000e+00 3.351000000000000112e-10 6.559999999999999836e-11 2.370999999999999877e-10 2.510999999999999911e-10
4.310999999999999899e-10 1.256999999999999899e-10 0.000000000000000000e+00 0.000000000000000000e+00 3.407000000000000229e-10 6.851999999999999965e-11 2.426999999999999994e-10 2.561000000000000255e-10
4.318999999999999768e-10 1.340000000000000026e-10 0.000000000000000000e+00 0.000000000000000000e+00 3.467000000000000022e-10 7.160999999999999880e-11 2.486999999999999787e-10 2.613000000000000179e-10
4.330999999999999830e-10 1.428999999999999925e-10 0.000000000000000000e+00 0.000000000000000000e+00 3.530000000000000218e-10 7.488000000000000405e-11 2.549000000000000193e-10 2.667999999999999989e-10
4.345999999999999778e-10 1.523000000000000066e-10 0.000000000000000000e+00 0.000000000000000000e+00 3.597000000000000090e-10 7.833999999999999779e-11 2.606999999999999890e-10 2.722999999999999799e-10
4.364999999999999919e-10 1.622999999999999979e-10 0.000000000000000000e+00 0.000000000000000000e+00 3.685000000000000200e-10 8.200999999999999649e-11 2.668999999999999779e-10 2.780000000000000223e-10
4.388000000000000253e-10 1.727999999999999875e-10 0.000000000000000000e+00 0.000000000000000000e+00 3.779000000000000082e-10 8.589999999999999547e-11 2.731000000000000185e-10 2.832999999999999936e-10
4.413999999999999957e-10 1.840000000000000108e-10 0.000000000000000000e+00 0.000000000000000000e+00 3.877999999999999947e-10 9.002000000000000295e-11 2.795999999999999961e-10 2.887999999999999746e-10
4.443999999999999853e-10 1.958000000000000115e-10 0.000000000000000000e+00 0.000000000000000000e+00 3.983999999999999891e-10 9.438000000000000134e-11 2.864000000000000139e-10 2.945999999999999960e-10
4.477000000000000153e-10 2.082999999999999941e-10 0.000000000000000000e+00 0.000000000000000000e+00 4.094999999999999818e-10 9.899999999999999417e-11 2.936999999999999784e-10 3.007000000000000059e-10
4.443000000000000064e-10 2.215999999999999896e-10 0.000000000000000000e+00 0.000000000000000000e+00 4.190999999999999796e-10 1.029000000000000014e-10 3.000999999999999770e-10 3.059999999999999773e-10
4.409999999999999764e-10 2.357000000000000236e-10 0.000000000000000000e+00 0.000000000000000000e+00 4.290999999999999968e-10 1.070000000000000053e-10 3.068999999999999949e-10 3.115000000000000100e-10
4.381000000000000174e-10 2.505999999999999928e-10 0.000000000000000000e+00 0.000000000000000000e+00 4.396999999999999912e-10 1.113999999999999979e-10 3.140999999999999803e-10 3.172999999999999796e-10
4.354999999999999954e-10 2.663999999999999796e-10 0.000000000000000000e+00 0.000000000000000000e+00 4.507000000000000049e-10 1.160000000000000001e-10 3.214999999999999755e-10 3.233999999999999896e-10
4.332999999999999926e-10 2.844999999999999998e-10 0.000000000000000000e+00 0.000000000000000000e+00 4.595999999999999949e-10 1.208999999999999909e-10 3.284000000000000240e-10 3.287999999999999916e-10
4.313999999999999785e-10 3.036000000000000166e-10 0.000000000000000000e+00 0.000000000000000000e+00 4.690999999999999621e-10 1.260000000000000043e-10 3.356000000000000095e-10 3.344999999999999823e-10
4.298999999999999837e-10 3.238000000000000089e-10 0.000000000000000000e+00 0.000000000000000000e+00 4.791000000000000309e-10 1.315000000000000112e-10 3.432999999999999932e-10 3.405000000000000132e-10
4.286999999999999775e-10 3.452999999999999863e-10 0.000000000000000000e+00 0.000000000000000000e+00 4.896999999999999737e-10 1.364999999999999939e-10 3.504999999999999787e-10 3.459000000000000153e-10
4.278999999999999906e-10 3.680000000000000217e-10 0.000000000000000000e+00 0.000000000000000000e+00 5.010000000000000277e-10 1.417999999999999911e-10 3.580000000000000045e-10 3.514999999999999753e-10
4.275000000000000230e-10 3.919999999999999905e-10 0.000000000000000000e+00 0.000000000000000000e+00 5.128999999999999556e-10 1.472999999999999980e-10 3.654999999999999786e-10 3.572000000000000176e-10
4.273999999999999923e-10 4.175000000000000058e-10 0.000000000000000000e+00 0.000000000000000000e+00 5.254999999999999948e-10 1.531999999999999983e-10 3.722999999999999965e-10 3.622000000000000003e-10
4.276999999999999810e-10 4.445000000000000160e-10 0.000000000000000000e+00 0.000000000000000000e+00 5.388999999999999692e-10 1.594999999999999920e-10 3.794000000000000030e-10 3.675000000000000234e-10
4.283000000000000099e-10 4.731000000000000517e-10 0.000000000000000000e+00 0.000000000000000000e+00 5.529999999999999515e-10 1.653999999999999924e-10 3.865000000000000095e-10 3.722999999999999965e-10
4.293000000000000065e-10 5.034000000000000401e-10 0.000000000000000000e+00 0.000000000000000000e+00 5.680000000000000031e-10 1.717000000000000120e-10 3.939999999999999836e-10 3.772999999999999792e-10
4.305999999999999916e-10 5.354999999999999602e-10 0.000000000000000000e+00 0.000000000000000000e+00 5.792999999999999538e-10 1.782999999999999943e-10 4.010000000000000111e-10 3.821999999999999830e-10
4.320000000000000075e-10 5.691999999999999576e-10 0.000000000000000000e+00 0.000000000000000000e+00 5.906000000000000078e-10 1.851999999999999912e-10 4.082999999999999756e-10 3.872000000000000174e-10
4.280000000000000213e-10 5.992999999999999881e-10 0.000000000000000000e+00 0.000000000000000000e+00 6.053999999999999980e-10 1.915000000000000108e-10 4.150999999999999934e-10 3.922999999999999791e-10
4.243000000000000237e-10 6.311000000000000230e-10 0.000000000000000000e+00 0.000000000000000000e+00 6.211999999999999848e-10 1.980999999999999932e-10 4.222999999999999789e-10 3.976000000000000022e-10
4.209999999999999938e-10 6.648000000000000204e-10 0.000000000000000000e+00 0.000000000000000000e+00 6.378000000000000102e-10 2.050999999999999948e-10 4.300000000000000144e-10 4.032999999999999928e-10
4.180000000000000041e-10 7.005000000000000109e-10 0.000000000000000000e+00 0.000000000000000000e+00 6.524000000000000425e-10 2.119000000000000127e-10 4.371999999999999998e-10 4.082999999999999756e-10
4.153999999999999821e-10 7.383999999999999524e-10 0.000000000000000000e+00 0.000000000000000000e+00 6.672999999999999601e-10 2.189999999999999934e-10 4.447000000000000256e-10 4.135999999999999986e-10
4.131000000000000004e-10 7.784000000000000210e-10 0.000000000000000000e+00 0.000000000000000000e+00 6.824000000000000423e-10 2.265999999999999981e-10 4.524000000000000094e-10 4.190000000000000007e-10
4.111999999999999862e-10 8.209000000000000294e-10 0.000000000000000000e+00 0.000000000000000000e+00 6.949999999999999781e-10 2.350000000000000157e-10 4.600000000000000142e-10 4.244999999999999817e-10
4.096000000000000124e-10 8.634000000000000377e-10 0.000000000000000000e+00 0.000000000000000000e+00 7.083000000000000253e-10 2.439000000000000056e-10 4.680000000000000382e-10 4.303000000000000030e-10
4.082999999999999756e-10 9.083999999999999857e-10 0.000000000000000000e+00 0.000000000000000000e+00 7.224000000000000076e-10 2.520000000000000087e-10 4.760000000000000106e-10 4.364000000000000130e-10
4.074000000000000097e-10 9.560000000000000074e-10 0.000000000000000000e+00 0.000000000000000000e+00 7.373999999999999558e-10 2.604999999999999793e-10 4.845000000000000330e-10 4.428999999999999905e-10
4.067999999999999808e-10 1.006999999999999935e-09 0.000000000000000000e+00 0.000000000000000000e+00 7.488000000000000405e-10 2.685999999999999824e-10 4.929999999999999519e-10 4.492999999999999891e-10
4.066000000000000228e-10 1.060000000000000062e-09 0.000000000000000000e+00 0.000000000000000000e+00 7.599999999999999605e-10 2.770000000000000257e-10 5.020000000000000242e-10 4.559999999999999763e-10
4.042999999999999894e-10 1.114000000000000082e-09 0.000000000000000000e+00 0.000000000000000000e+00 7.599999999999999605e-10 2.770000000000000257e-10 5.102999999999999852e-10 4.625000000000000055e-10
4.023999999999999753e-10 1.170999999999999989e-09 0.000000000000000000e+00 0.000000000000000000e+00 7.599999999999999605e-10 2.770000000000000257e-10 5.189000000000000383e-10 4.691999999999999927e-10
4.008000000000000015e-10 1.232000000000000088e-09 0.000000000000000000e+00 0.000000000000000000e+00 7.599999999999999605e-10 2.770000000000000257e-10 5.274999999999999879e-10 4.758999999999999799e-10
3.995000000000000163e-10 1.296000000000000074e-09 0.000000000000000000e+00 0.000000000000000000e+00 7.599999999999999605e-10 2.770000000000000257e-10 5.354999999999999602e-10 4.828999999999999558e-10
3.985999999999999987e-10 1.364999999999999939e-09 0.000000000000000000e+00 0.000000000000000000e+00 7.599999999999999605e-10 2.770000000000000257e-10 5.434000000000000053e-10 4.896999999999999737e-10
3.980000000000000215e-10 1.436999999999999897e-09 0.000000000000000000e+00 0.000000000000000000e+00 7.599999999999999605e-10 2.770000000000000257e-10 5.510999999999999891e-10 4.959000000000000143e-10
3.976999999999999812e-10 1.513000000000000049e-09 0.000000000000000000e+00 0.000000000000000000e+00 7.599999999999999605e-10 2.770000000000000257e-10 5.587000000000000456e-10 5.017000000000000356e-10
3.978000000000000118e-10 1.594000000000000079e-09 0.000000000000000000e+00 0.000000000000000000e+00 7.599999999999999605e-10 2.770000000000000257e-10 5.590000000000000342e-10 5.020000000000000242e-10
3.981000000000000005e-10 1.679999999999999989e-09 0.000000000000000000e+00 0.000000000000000000e+00 7.599999999999999605e-10 2.770000000000000257e-10 5.590000000000000342e-10 5.020000000000000242e-10
3.988999999999999874e-10 1.770999999999999985e-09 0.000000000000000000e+00 0.000000000000000000e+00 7.599999999999999605e-10 2.770000000000000257e-10 5.590000000000000342e-10 5.020000000000000242e-10
3.998999999999999839e-10 1.866999999999999860e-09 0.000000000000000000e+00 0.000000000000000000e+00 7.599999999999999605e-10 2.770000000000000257e-10 5.590000000000000342e-10 5.020000000000000242e-10
4.012999999999999997e-10 1.969000000000000128e-09 0.000000000000000000e+00 0.000000000000000000e+00 7.599999999999999605e-10 2.770000000000000257e-10 5.590000000000000342e-10 5.020000000000000242e-10
4.022999999999999963e-10 2.077000000000000169e-09 0.000000000000000000e+00 0.000000000000000000e+00 7.599999999999999605e-10 2.770000000000000257e-10 5.590000000000000342e-10 5.020000000000000242e-10
4.037000000000000121e-10 2.190999999999999982e-09 0.000000000000000000e+00 0.000000000000000000e+00 7.599999999999999605e-10 2.770000000000000257e-10 5.590000000000000342e-10 5.020000000000000242e-10
4.054000000000000166e-10 2.313000000000000181e-09 0.000000000000000000e+00 0.000000000000000000e+00 7.599999999999999605e-10 2.770000000000000257e-10 5.590000000000000342e-10 5.020000000000000242e-10
4.074999999999999887e-10 2.439999999999999846e-09 0.000000000000000000e+00 0.000000000000000000e+00 7.599999999999999605e-10 2.770000000000000257e-10 5.590000000000000342e-10 5.020000000000000242e-10
4.099000000000000011e-10 2.565000000000000138e-09 0.000000000000000000e+00 0.000000000000000000e+00 7.599999999999999605e-10 2.770000000000000257e-10 5.590000000000000342e-10 5.020000000000000242e-10
4.126000000000000021e-10 2.697000000000000096e-09 0.000000000000000000e+00 0.000000000000000000e+00 7.599999999999999605e-10 2.770000000000000257e-10 5.590000000000000342e-10 5.020000000000000242e-10
4.155999999999999917e-10 2.837999999999999919e-09 0.000000000000000000e+00 0.000000000000000000e+00 7.599999999999999605e-10 2.770000000000000257e-10 5.590000000000000342e-10 5.020000000000000242e-10
4.145999999999999952e-10 2.985999999999999822e-09 0.000000000000000000e+00 0.000000000000000000e+00 7.599999999999999605e-10 2.770000000000000257e-10 5.590000000000000342e-10 5.020000000000000242e-10
4.133999999999999890e-10 3.143999999999999896e-09 0.000000000000000000e+00 0.000000000000000000e+00 7.599999999999999605e-10 2.770000000000000257e-10 5.590000000000000342e-10 5.020000000000000242e-10
4.126000000000000021e-10 3.309999999999999944e-09 0.000000000000000000e+00 0.000000000000000000e+00 7.599999999999999605e-10 2.770000000000000257e-10 5.590000000000000342e-10 5.020000000000000242e-10
4.121999999999999828e-10 3.487000000000000056e-09 0.000000000000000000e+00 0.000000000000000000e+00 7.599999999999999605e-10 2.770000000000000257e-10 5.590000000000000342e-10 5.020000000000000242e-10
4.120000000000000248e-10 3.673999999999999927e-09 0.000000000000000000e+00 0.000000000000000000e+00 7.599999999999999605e-10 2.770000000000000257e-10 5.590000000000000342e-10 5.020000000000000242e-10
4.123000000000000135e-10 3.871999999999999864e-09 0.000000000000000000e+00 0.000000000000000000e+00 7.599999999999999605e-10 2.770000000000000257e-10 5.590000000000000342e-10 5.020000000000000242e-10
4.128000000000000117e-10 4.081999999999999759e-09 0.000000000000000000e+00 0.000000000000000000e+00 7.599999999999999605e-10 2.770000000000000257e-10 5.590000000000000342e-10 5.020000000000000242e-10
4.136999999999999776e-10 4.304000000000000027e-09 0.000000000000000000e+00 0.000000000000000000e+00 7.599999999999999605e-10 2.770000000000000257e-10 5.590000000000000342e-10 5.020000000000000242e-10
4.150000000000000145e-10 4.539000000000000146e-09 0.000000000000000000e+00 0.000000000000000000e+00 7.599999999999999605e-10 2.770000000000000257e-10 5.590000000000000342e-10 5.020000000000000242e-10
4.167000000000000189e-10 4.776000000000000051e-09 0.000000000000000000e+00 0.000000000000000000e+00 7.599999999999999605e-10 2.770000000000000257e-10 5.590000000000000342e-10 5.020000000000000242e-10
4.189000000000000217e-10 5.025999999999999808e-09 0.000000000000000000e+00 0.000000000000000000e+00 7.599999999999999605e-10 2.770000000000000257e-10 5.590000000000000342e-10 5.020000000000000242e-10
4.212999999999999824e-10 5.291000000000000030e-09 0.000000000000000000e+00 0.000000000000000000e+00 7.599999999999999605e-10 2.770000000000000257e-10 5.590000000000000342e-10 5.020000000000000242e-10
4.241000000000000141e-10 5.572000000000000197e-09 0.000000000000000000e+00 0.000000000000000000e+00 7.599999999999999605e-10 2.770000000000000257e-10 5.590000000000000342e-10 5.020000000000000242e-10
4.273000000000000134e-10 5.869999999999999789e-09 0.000000000000000000e+00 0.000000000000000000e+00 7.599999999999999605e-10 2.770000000000000257e-10 5.590000000000000342e-10 5.020000000000000242e-10
4.297000000000000257e-10 6.184999999999999631e-09 0.000000000000000000e+00 0.000000000000000000e+00 7.599999999999999605e-10 2.770000000000000257e-10 5.590000000000000342e-10 5.020000000000000242e-10
4.281000000000000003e-10 6.519000000000000339e-09 0.000000000000000000e+00 0.000000000000000000e+00 7.599999999999999605e-10 2.770000000000000257e-10 5.590000000000000342e-10 5.020000000000000242e-10
4.268999999999999941e-10 6.626000000000000073e-09 0.000000000000000000e+00 0.000000000000000000e+00 7.599999999999999605e-10 2.770000000000000257e-10 5.590000000000000342e-10 5.020000000000000242e-10
4.259999999999999765e-10 6.738999999999999993e-09 0.000000000000000000e+00 0.000000000000000000e+00 7.599999999999999605e-10 2.770000000000000257e-10 5.590000000000000342e-10 5.020000000000000242e-10
4.253999999999999992e-10 6.859000000000000406e-09 0.000000000000000000e+00 0.000000000000000000e+00 7.599999999999999605e-10 2.770000000000000257e-10 5.590000000000000342e-10 5.020000000000000242e-10
4.253000000000000203e-10 6.985999999999999657e-09 0.000000000000000000e+00 0.000000000000000000e+00 7.599999999999999605e-10 2.770000000000000257e-10 5.590000000000000342e-10 5.020000000000000242e-10
4.253999999999999992e-10 7.120000000000000228e-09 0.000000000000000000e+00 0.000000000000000000e+00 7.599999999999999605e-10 2.770000000000000257e-10 5.590000000000000342e-10 5.020000000000000242e-10
4.133000000000000100e-10 7.120000000000000228e-09 0.000000000000000000e+00 0.000000000000000000e+00 7.599999999999999605e-10 2.770000000000000257e-10 5.590000000000000342e-10 5.020000000000000242e-10
4.015999999999999884e-10 7.120000000000000228e-09 0.000000000000000000e+00 0.000000000000000000e+00 7.599999999999999605e-10 2.770000000000000257e-10 5.590000000000000342e-10 5.020000000000000242e-10
3.902000000000000071e-10 7.120000000000000228e-09 0.000000000000000000e+00 0.000000000000000000e+00 7.599999999999999605e-10 2.770000000000000257e-10 5.590000000000000342e-10 5.020000000000000242e-10
3.791999999999999933e-10 7.120000000000000228e-09 0.000000000000000000e+00 0.000000000000000000e+00 7.599999999999999605e-10 2.770000000000000257e-10 5.590000000000000342e-10 5.020000000000000242e-10
3.683999999999999893e-10 7.120000000000000228e-09 0.000000000000000000e+00 0.000000000000000000e+00 7.599999999999999605e-10 2.770000000000000257e-10 5.590000000000000342e-10 5.020000000000000242e-10
3.579000000000000255e-10 7.120000000000000228e-09 0.000000000000000000e+00 0.000000000000000000e+00 7.599999999999999605e-10 2.770000000000000257e-10 5.590000000000000342e-10 5.020000000000000242e-10
3.477999999999999777e-10 7.120000000000000228e-09 0.000000000000000000e+00 0.000000000000000000e+00 7.599999999999999605e-10 2.770000000000000257e-10 5.590000000000000342e-10 5.020000000000000242e-10
3.378999999999999912e-10 7.120000000000000228e-09 0.000000000000000000e+00 0.000000000000000000e+00 7.599999999999999605e-10 2.770000000000000257e-10 5.590000000000000342e-10 5.020000000000000242e-10
3.282999999999999933e-10 7.120000000000000228e-09 0.000000000000000000e+00 0.000000000000000000e+00 7.599999999999999605e-10 2.770000000000000257e-10 5.590000000000000342e-10 5.020000000000000242e-10
3.189999999999999841e-10 7.120000000000000228e-09 0.000000000000000000e+00 0.000000000000000000e+00 7.599999999999999605e-10 2.770000000000000257e-10 5.590000000000000342e-10 5.020000000000000242e-10
3.100000000000000152e-10 7.120000000000000228e-09 0.000000000000000000e+00 0.000000000000000000e+00 7.599999999999999605e-10 2.770000000000000257e-10 5.590000000000000342e-10 5.020000000000000242e-10
3.012000000000000042e-10 7.120000000000000228e-09 0.000000000000000000e+00 0.000000000000000000e+00 7.599999999999999605e-10 2.770000000000000257e-10 5.590000000000000342e-10 5.020000000000000242e-10
2.926000000000000029e-10 7.120000000000000228e-09 0.000000000000000000e+00 0.000000000000000000e+00 7.599999999999999605e-10 2.770000000000000257e-10 5.590000000000000342e-10 5.020000000000000242e-10
2.842999999999999902e-10 7.120000000000000228e-09 0.000000000000000000e+00 0.000000000000000000e+00 7.599999999999999605e-10 2.770000000000000257e-10 5.590000000000000342e-10 5.020000000000000242e-10
2.763000000000000178e-10 7.120000000000000228e-09 0.000000000000000000e+00 0.000000000000000000e+00 7.599999999999999605e-10 2.770000000000000257e-10 5.590000000000000342e-10 5.020000000000000242e-10
2.684000000000000244e-10 7.120000000000000228e-09 0.000000000000000000e+00 0.000000000000000000e+00 7.599999999999999605e-10 2.770000000000000257e-10 5.590000000000000342e-10 5.020000000000000242e-10
2.608000000000000196e-10 7.120000000000000228e-09 0.000000000000000000e+00 0.000000000000000000e+00 7.599999999999999605e-10 2.770000000000000257e-10 5.590000000000000342e-10 5.020000000000000242e-10
2.534000000000000245e-10 7.120000000000000228e-09 0.000000000000000000e+00 0.000000000000000000e+00 7.599999999999999605e-10 2.770000000000000257e-10 5.590000000000000342e-10 5.020000000000000242e-10
2.461999999999999873e-10 7.120000000000000228e-09 0.000000000000000000e+00 0.000000000000000000e+00 7.599999999999999605e-10 2.770000000000000257e-10 5.590000000000000342e-10 5.020000000000000242e-10
2.392000000000000115e-10 7.120000000000000228e-09 0.000000000000000000e+00 0.000000000000000000e+00 7.599999999999999605e-10 2.770000000000000257e-10 5.590000000000000342e-10 5.020000000000000242e-10
2.323999999999999936e-10 7.120000000000000228e-09 0.000000000000000000e+00 0.000000000000000000e+00 7.599999999999999605e-10 2.770000000000000257e-10 5.590000000000000342e-10 5.020000000000000242e-10
2.258000000000000113e-10 7.120000000000000228e-09 0.000000000000000000e+00 0.000000000000000000e+00 7.599999999999999605e-10 2.770000000000000257e-10 5.590000000000000342e-10 5.020000000000000242e-10
2.194000000000000127e-10 7.120000000000000228e-09 0.000000000000000000e+00 0.000000000000000000e+00 7.599999999999999605e-10 2.770000000000000257e-10 5.590000000000000342e-10 5.020000000000000242e-10
2.131999999999999979e-10 7.120000000000000228e-09 0.000000000000000000e+00 0.000000000000000000e+00 7.599999999999999605e-10 2.770000000000000257e-10 5.590000000000000342e-10 5.020000000000000242e-10
2.071999999999999928e-10 7.120000000000000228e-09 0.000000000000000000e+00 0.000000000000000000e+00 7.599999999999999605e-10 2.770000000000000257e-10 5.590000000000000342e-10 5.020000000000000242e-10
2.012999999999999925e-10 7.120000000000000228e-09 0.000000000000000000e+00 0.000000000000000000e+00 7.599999999999999605e-10 2.770000000000000257e-10 5.590000000000000342e-10 5.020000000000000242e-10
1.956000000000000018e-10 7.120000000000000228e-09 0.000000000000000000e+00 0.000000000000000000e+00 7.599999999999999605e-10 2.770000000000000257e-10 5.590000000000000342e-10 5.020000000000000242e-10
1.899999999999999901e-10 7.120000000000000228e-09 0.000000000000000000e+00 0.000000000000000000e+00 7.599999999999999605e-10 2.770000000000000257e-10 5.590000000000000342e-10 5.020000000000000242e-10
1.845999999999999881e-10 7.120000000000000228e-09 0.000000000000000000e+00 0.000000000000000000e+00 7.599999999999999605e-10 2.770000000000000257e-10 5.590000000000000342e-10 5.020000000000000242e-10
1.793999999999999957e-10 7.120000000000000228e-09 0.000000000000000000e+00 0.000000000000000000e+00 7.599999999999999605e-10 2.770000000000000257e-10 5.590000000000000342e-10 5.020000000000000242e-10
1.743000000000000081e-10 7.120000000000000228e-09 0.000000000000000000e+00 0.000000000000000000e+00 7.599999999999999605e-10 2.770000000000000257e-10 5.590000000000000342e-10 5.020000000000000242e-10
1.694000000000000044e-10 7.120000000000000228e-09 0.000000000000000000e+00 0.000000000000000000e+00 7.599999999999999605e-10 2.770000000000000257e-10 5.590000000000000342e-10 5.020000000000000242e-10
1.646000000000000055e-10 7.120000000000000228e-09 0.000000000000000000e+00 0.000000000000000000e+00 7.599999999999999605e-10 2.770000000000000257e-10 5.590000000000000342e-10 5.020000000000000242e-10
1.599000000000000113e-10 7.120000000000000228e-09 0.000000000000000000e+00 0.000000000000000000e+00 7.599999999999999605e-10 2.770000000000000257e-10 5.590000000000000342e-10 5.020000000000000242e-10
1.554000000000000010e-10 7.120000000000000228e-09 0.000000000000000000e+00 0.000000000000000000e+00 7.599999999999999605e-10 2.770000000000000257e-10 5.590000000000000342e-10 5.020000000000000242e-10
1.508999999999999907e-10 7.120000000000000228e-09 0.000000000000000000e+00 0.000000000000000000e+00 7.599999999999999605e-10 2.770000000000000257e-10 5.590000000000000342e-10 5.020000000000000242e-10
1.466999999999999949e-10 7.120000000000000228e-09 0.000000000000000000e+00 0.000000000000000000e+00 7.599999999999999605e-10 2.770000000000000257e-10 5.590000000000000342e-10 5.020000000000000242e-10
1.424999999999999991e-10 7.120000000000000228e-09 0.000000000000000000e+00 0.000000000000000000e+00 7.599999999999999605e-10 2.770000000000000257e-10 5.590000000000000342e-10 5.020000000000000242e-10
1.385000000000000129e-10 7.120000000000000228e-09 0.000000000000000000e+00 0.000000000000000000e+00 7.599999999999999605e-10 2.770000000000000257e-10 5.590000000000000342e-10 5.020000000000000242e-10
