3.567999999999999974e-06 0.000000000000000000e+00 0.000000000000000000e+00 0.000000000000000000e+00 4.519999999999999901e-10 0.000000000000000000e+00 0.000000000000000000e+00 0.000000000000000000e+00
3.467000000000000009e-06 0.000000000000000000e+00 0.000000000000000000e+00 0.000000000000000000e+00 4.519999999999999901e-10 0.000000000000000000e+00 0.000000000000000000e+00 0.000000000000000000e+00
3.368000000000000195e-06 0.000000000000000000e+00 0.000000000000000000e+00 0.000000000000000000e+00 4.519999999999999901e-10 0.000000000000000000e+00 0.000000000000000000e+00 0.000000000000000000e+00
3.272999999999999834e-06 0.000000000000000000e+00 0.000000000000000000e+00 0.000000000000000000e+00 4.519999999999999901e-10 0.000000000000000000e+00 0.000000000000000000e+00 0.000000000000000000e+00
3.180000000000000047e-06 0.000000000000000000e+00 0.000000000000000000e+00 0.000000000000000000e+00 4.519999999999999901e-10 0.000000000000000000e+00 0.000000000000000000e+00 0.000000000000000000e+00
3.090000000000000061e-06 0.000000000000000000e+00 0.000000000000000000e+00 0.000000000000000000e+00 4.519999999999999901e-10 0.000000000000000000e+00 0.000000000000000000e+00 0.000000000000000000e+00
3.001999999999999803e-06 0.000000000000000000e+00 0.000000000000000000e+00 0.000000000000000000e+00 4.519999999999999901e-10 0.000000000000000000e+00 0.000000000000000000e+00 0.000000000000000000e+00
2.917000000000000193e-06 0.000000000000000000e+00 0.000000000000000000e+00 0.000000000000000000e+00 4.519999999999999901e-10 0.000000000000000000e+00 0.000000000000000000e+00 0.000000000000000000e+00
2.833999999999999887e-06 0.000000000000000000e+00 0.000000000000000000e+00 0.000000000000000000e+00 4.519999999999999901e-10 0.000000000000000000e+00 0.000000000000000000e+00 0.000000000000000000e+00
2.753999999999999805e-06 0.000000000000000000e+00 0.000000000000000000e+00 0.000000000000000000e+00 4.519999999999999901e-10 0.000000000000000000e+00 0.000000000000000000e+00 0.000000000000000000e+00
2.675999999999999875e-06 0.000000000000000000e+00 0.000000000000000000e+00 0.000000000000000000e+00 4.519999999999999901e-10 0.000000000000000000e+00 0.000000000000000000e+00 0.000000000000000000e+00
2.600000000000000094e-06 0.000000000000000000e+00 0.000000000000000000e+00 0.000000000000000000e+00 4.519999999999999901e-10 0.000000000000000000e+00 0.000000000000000000e+00 0.000000000000000000e+00
2.526000000000000040e-06 0.000000000000000000e+00 0.000000000000000000e+00 0.000000000000000000e+00 4.519999999999999901e-10 0.000000000000000000e+00 0.000000000000000000e+00 0.000000000000000000e+00
2.454000000000000137e-06 0.000000000000000000e+00 0.000000000000000000e+00 0.000000000000000000e+00 4.538000000000000252e-10 0.000000000000000000e+00 0.000000000000000000e+00 0.000000000000000000e+00
2.385000000000000035e-06 0.000000000000000000e+00 0.000000000000000000e+00 0.000000000000000000e+00 4.556999999999999877e-10 0.000000000000000000e+00 0.000000000000000000e+00 0.000000000000000000e+00
2.317000000000000008e-06 0.000000000000000000e+00 0.000000000000000000e+00 0.000000000000000000e+00 4.578000000000000114e-10 0.000000000000000000e+00 0.000000000000000000e+00 0.000000000000000000e+00
2.251000000000000132e-06 0.000000000000000000e+00 0.000000000000000000e+00 0.000000000000000000e+00 4.598999999999999835e-10 0.000000000000000000e+00 0.000000000000000000e+00 0.000000000000000000e+00
2.186999999999999983e-06 0.000000000000000000e+00 0.000000000000000000e+00 0.000000000000000000e+00 4.622000000000000169e-10 0.000000000000000000e+00 0.000000000000000000e+00 0.000000000000000000e+00
2.124999999999999983e-06 0.000000000000000000e+00 0.000000000000000000e+00 0.000000000000000000e+00 4.647000000000000083e-10 0.000000000000000000e+00 0.000000000000000000e+00 0.000000000000000000e+00
2.065000000000000134e-06 0.000000000000000000e+00 0.000000000000000000e+00 0.000000000000000000e+00 4.673000000000000303e-10 0.000000000000000000e+00 0.000000000000000000e+00 0.000000000000000000e+00
2.005999999999999937e-06 0.000000000000000000e+00 0.000000000000000000e+00 0.000000000000000000e+00 4.700000000000000313e-10 0.000000000000000000e+00 0.000000000000000000e+00 0.000000000000000000e+00
1.948999999999999890e-06 0.000000000000000000e+00 0.000000000000000000e+00 0.000000000000000000e+00 4.728999999999999903e-10 0.000000000000000000e+00 0.000000000000000000e+00 0.000000000000000000e+00
1.893999999999999993e-06 0.000000000000000000e+00 0.000000000000000000e+00 0.000000000000000000e+00 4.760000000000000106e-10 0.000000000000000000e+00 0.000000000000000000e+00 0.000000000000000000e+00
1.839999999999999959e-06 0.000000000000000000e+00 0.000000000000000000e+00 0.000000000000000000e+00 4.792999999999999889e-10 0.000000000000000000e+00 0.000000000000000000e+00 0.000000000000000000e+00
1.788000000000000076e-06 0.000000000000000000e+00 0.000000000000000000e+00 0.000000000000000000e+00 4.826999999999999978e-10 0.000000000000000000e+00 0.000000000000000000e+00 0.000000000000000000e+00
1.737000000000000056e-06 0.000000000000000000e+00 0.000000000000000000e+00 0.000000000000000000e+00 4.852999999999999682e-10 0.000000000000000000e+00 0.000000000000000000e+00 0.000000000000000000e+00
1.687999999999999974e-06 0.000000000000000000e+00 0.000000000000000000e+00 0.000000000000000000e+00 4.879000000000000419e-10 0.000000000000000000e+00 0.000000000000000000e+00 0.000000000000000000e+00
1.639999999999999968e-06 0.000000000000000000e+00 0.000000000000000000e+00 0.000000000000000000e+00 4.906999999999999702e-10 0.000000000000000000e+00 0.000000000000000000e+00 0.000000000000000000e+00
1.593999999999999900e-06 0.000000000000000000e+00 0.000000000000000000e+00 0.000000000000000000e+00 4.936000000000000326e-10 0.000000000000000000e+00 0.000000000000000000e+00 0.000000000000000000e+00
1.548000000000000044e-06 0.000000000000000000e+00 0.000000000000000000e+00 0.000000000000000000e+00 4.966999999999999495e-10 0.000000000000000000e+00 0.000000000000000000e+00 0.000000000000000000e+00
1.504999999999999990e-06 0.000000000000000000e+00 0.000000000000000000e+00 0.000000000000000000e+00 5.000000000000000311e-10 0.000000000000000000e+00 0.000000000000000000e+00 0.000000000000000000e+00
1.461999999999999936e-06 0.000000000000000000e+00 0.000000000000000000e+00 0.000000000000000000e+00 5.034999999999999674e-10 0.000000000000000000e+00 0.000000000000000000e+00 0.000000000000000000e+00
1.419999999999999957e-06 0.000000000000000000e+00 0.000000000000000000e+00 0.000000000000000000e+00 5.068000000000000490e-10 0.000000000000000000e+00 0.000000000000000000e+00 0.000000000000000000e+00
1.379999999999999916e-06 0.000000000000000000e+00 0.000000000000000000e+00 0.000000000000000000e+00 5.101999999999999546e-10 0.000000000000000000e+00 0.000000000000000000e+00 0.000000000000000000e+00
1.340999999999999951e-06 0.000000000000000000e+00 0.000000000000000000e+00 0.000000000000000000e+00 5.136999999999999942e-10 0.000000000000000000e+00 0.000000000000000000e+00 0.000000000000000000e+00
1.303000000000000061e-06 0.000000000000000000e+00 0.000000000000000000e+00 0.000000000000000000e+00 5.175000000000000224e-10 0.000000000000000000e+00 0.000000000000000000e+00 0.000000000000000000e+00
1.266000000000000034e-06 0.000000000000000000e+00 0.000000000000000000e+00 0.000000000000000000e+00 5.215000000000000086e-10 0.000000000000000000e+00 0.000000000000000000e+00 0.000000000000000000e+00
1.230000000000000082e-06 0.000000000000000000e+00 0.000000000000000000e+00 0.000000000000000000e+00 5.254999999999999948e-10 0.000000000000000000e+00 0.000000000000000000e+00 0.000000000000000000e+00
1.194999999999999994e-06 0.000000000000000000e+00 0.000000000000000000e+00 0.000000000000000000e+00 5.297999999999999696e-10 0.000000000000000000e+00 0.000000000000000000e+00 0.000000000000000000e+00
1.160999999999999980e-06 0.000000000000000000e+00 0.000000000000000000e+00 0.000000000000000000e+00 5.341999999999999751e-10 0.000000000000000000e+00 0.000000000000000000e+00 0.000000000000000000e+00
1.128000000000000042e-06 0.000000000000000000e+00 0.000000000000000000e+00 0.000000000000000000e+00 5.389999999999999999e-10 0.000000000000000000e+00 0.000000000000000000e+00 0.000000000000000000e+00
1.095999999999999967e-06 0.000000000000000000e+00 0.000000000000000000e+00 0.000000000000000000e+00 5.436999999999999940e-10 0.000000000000000000e+00 0.000000000000000000e+00 0.000000000000000000e+00
1.064999999999999968e-06 0.000000000000000000e+00 0.000000000000000000e+00 0.000000000000000000e+00 5.488000000000000074e-10 0.000000000000000000e+00 0.000000000000000000e+00 0.000000000000000000e+00
1.035000000000000043e-06 0.000000000000000000e+00 0.000000000000000000e+00 0.000000000000000000e+00 5.540999999999999787e-10 0.000000000000000000e+00 0.000000000000000000e+00 0.000000000000000000e+00
1.005999999999999982e-06 0.000000000000000000e+00 0.000000000000000000e+00 0.000000000000000000e+00 5.593999999999999501e-10 0.000000000000000000e+00 0.000000000000000000e+00 0.000000000000000000e+00
9.769999999999999208e-07 0.000000000000000000e+00 0.000000000000000000e+00 0.000000000000000000e+00 5.650000000000000135e-10 0.000000000000000000e+00 0.000000000000000000e+00 0.000000000000000000e+00
9.492999999999999574e-07 0.000000000000000000e+00 0.000000000000000000e+00 0.000000000000000000e+00 5.708999999999999621e-10 0.000000000000000000e+00 0.000000000000000000e+00 0.000000000000000000e+00
9.223999999999999481e-07 0.000000000000000000e+00 0.000000000000000000e+00 0.000000000000000000e+00 5.766999999999999834e-10 0.000000000000000000e+00 0.000000000000000000e+00 0.000000000000000000e+00
8.961999999999999914e-07 0.000000000000000000e+00 0.000000000000000000e+00 0.000000000000000000e+00 5.829000000000000240e-10 0.000000000000000000e+00 0.000000000000000000e+00 0.000000000000000000e+00
8.707999999999999890e-07 0.000000000000000000e+00 0.000000000000000000e+00 0.000000000000000000e+00 5.894999999999999806e-10 0.000000000000000000e+00 0.000000000000000000e+00 0.000000000000000000e+00
8.461000000000000391e-07 0.000000000000000000e+00 0.000000000000000000e+00 0.000000000000000000e+00 5.964999999999999564e-10 0.000000000000000000e+00 0.000000000000000000e+00 0.000000000000000000e+00
8.221000000000000360e-07 0.000000000000000000e+00 0.000000000000000000e+00 0.000000000000000000e+00 6.029999999999999857e-10 0.000000000000000000e+00 0.000000000000000000e+00 0.000000000000000000e+00
7.986999999999999720e-07 0.000000000000000000e+00 0.000000000000000000e+00 0.000000000000000000e+00 6.096999999999999729e-10 0.000000000000000000e+00 0.000000000000000000e+00 0.000000000000000000e+00
7.760999999999999682e-07 0.000000000000000000e+00 0.000000000000000000e+00 0.000000000000000000e+00 6.163999999999999601e-10 0.000000000000000000e+00 0.000000000000000000e+00 0.000000000000000000e+00
7.541000000000000094e-07 0.000000000000000000e+00 0.000000000000000000e+00 0.000000000000000000e+00 6.234000000000000393e-10 0.000000000000000000e+00 0.000000000000000000e+00 0.000000000000000000e+00
7.326999999999999898e-07 0.000000000000000000e+00 0.000000000000000000e+00 0.000000000000000000e+00 6.308000000000000344e-10 0.000000000000000000e+00 0.000000000000000000e+00 0.000000000000000000e+00
7.119000000000000153e-07 0.000000000000000000e+00 0.000000000000000000e+00 0.000000000000000000e+00 6.386999999999999761e-10 0.000000000000000000e+00 0.000000000000000000e+00 0.000000000000000000e+00
6.916999999999999800e-07 0.000000000000000000e+00 0.000000000000000000e+00 0.000000000000000000e+00 6.470000000000000405e-10 0.000000000000000000e+00 0.000000000000000000e+00 0.000000000000000000e+00
6.720999999999999898e-07 0.000000000000000000e+00 0.000000000000000000e+00 0.000000000000000000e+00 6.558000000000000515e-10 0.000000000000000000e+00 0.000000000000000000e+00 0.000000000000000000e+00
6.530000000000000372e-07 0.000000000000000000e+00 0.000000000000000000e+00 0.000000000000000000e+00 6.652000000000000397e-10 0.000000000000000000e+00 0.000000000000000000e+00 0.000000000000000000e+00
6.345000000000000237e-07 0.000000000000000000e+00 0.000000000000000000e+00 0.000000000000000000e+00 6.735000000000000007e-10 0.000000000000000000e+00 0.000000000000000000e+00 0.000000000000000000e+00
6.165000000000000478e-07 0.000000000000000000e+00 0.000000000000000000e+00 0.000000000000000000e+00 6.820999999999999503e-10 0.000000000000000000e+00 0.000000000000000000e+00 0.000000000000000000e+00
5.990000000000000036e-07 0.000000000000000000e+00 0.000000000000000000e+00 0.000000000000000000e+00 6.911999999999999499e-10 0.000000000000000000e+00 0.000000000000000000e+00 0.000000000000000000e+00
5.819999999999999970e-07 0.000000000000000000e+00 0.000000000000000000e+00 0.000000000000000000e+00 7.009000000000000301e-10 0.000000000000000000e+00 0.000000000000000000e+00 0.000000000000000000e+00
5.655000000000000279e-07 0.000000000000000000e+00 0.000000000000000000e+00 0.000000000000000000e+00 7.110999999999999536e-10 0.000000000000000000e+00 0.000000000000000000e+00 0.000000000000000000e+00
5.493999999999999830e-07 0.000000000000000000e+00 0.000000000000000000e+00 0.000000000000000000e+00 7.205999999999999725e-10 0.000000000000000000e+00 0.000000000000000000e+00 0.000000000000000000e+00
5.337999999999999756e-07 0.000000000000000000e+00 0.000000000000000000e+00 0.000000000000000000e+00 7.303999999999999800e-10 0.000000000000000000e+00 0.000000000000000000e+00 0.000000000000000000e+00
5.187000000000000059e-07 0.000000000000000000e+00 0.000000000000000000e+00 0.000000000000000000e+00 7.408999999999999954e-10 0.000000000000000000e+00 0.000000000000000000e+00 0.000000000000000000e+00
5.039999999999999603e-07 0.000000000000000000e+00 0.000000000000000000e+00 0.000000000000000000e+00 7.519999999999999881e-10 0.000000000000000000e+00 0.000000000000000000e+00 0.000000000000000000e+00
4.897000000000000506e-07 0.000000000000000000e+00 0.000000000000000000e+00 0.000000000000000000e+00 7.636999999999999580e-10 0.000000000000000000e+00 0.000000000000000000e+00 0.000000000000000000e+00
4.758000000000000121e-07 0.000000000000000000e+00 0.000000000000000000e+00 0.000000000000000000e+00 7.761000000000000393e-10 0.000000000000000000e+00 0.000000000000000000e+00 0.000000000000000000e+00
4.623000000000000037e-07 0.000000000000000000e+00 0.000000000000000000e+00 0.000000000000000000e+00 7.892999999999999524e-10 0.000000000000000000e+00 0.000000000000000000e+00 0.000000000000000000e+00
4.492000000000000254e-07 0.000000000000000000e+00 0.000000000000000000e+00 0.000000000000000000e+00 8.014000000000000450e-10 0.000000000000000000e+00 0.000000000000000000e+00 0.000000000000000000e+00
4.364000000000000167e-07 0.000000000000000000e+00 0.000000000000000000e+00 0.000000000000000000e+00 8.138999999999999501e-10 0.000000000000000000e+00 0.000000000000000000e+00 0.000000000000000000e+00
4.239999999999999850e-07 0.000000000000000000e+00 0.000000000000000000e+00 0.000000000000000000e+00 8.271999999999999973e-10 0.000000000000000000e+00 0.000000000000000000e+00 0.000000000000000000e+00
4.119999999999999835e-07 0.000000000000000000e+00 0.000000000000000000e+00 0.000000000000000000e+00 8.411999999999999489e-10 0.000000000000000000e+00 0.000000000000000000e+00 0.000000000000000000e+00
4.003000000000000044e-07 0.000000000000000000e+00 0.000000000000000000e+00 0.000000000000000000e+00 8.560999999999999698e-10 0.000000000000000000e+00 0.000000000000000000e+00 0.000000000000000000e+00
3.890000000000000025e-07 0.000000000000000000e+00 0.000000000000000000e+00 0.000000000000000000e+00 8.701999999999999522e-10 0.000000000000000000e+00 0.000000000000000000e+00 0.000000000000000000e+00
3.779000000000000156e-07 0.000000000000000000e+00 0.000000000000000000e+00 0.000000000000000000e+00 8.849000000000000151e-10 0.000000000000000000e+00 0.000000000000000000e+00 0.000000000000000000e+00
3.672000000000000058e-07 0.000000000000000000e+00 0.000000000000000000e+00 0.000000000000000000e+00 9.005000000000000440e-10 0.000000000000000000e+00 0.000000000000000000e+00 0.000000000000000000e+00
3.568000000000000186e-07 0.000000000000000000e+00 0.000000000000000000e+00 0.000000000000000000e+00 9.170000000000000387e-10 0.000000000000000000e+00 0.000000000000000000e+00 0.000000000000000000e+00
3.467000000000000009e-07 0.000000000000000000e+00 0.000000000000000000e+00 0.000000000000000000e+00 9.326000000000000676e-10 0.000000000000000000e+00 0.000000000000000000e+00 0.000000000000000000e+00
3.367999999999999983e-07 0.000000000000000000e+00 0.000000000000000000e+00 0.000000000000000000e+00 9.491999999999999896e-10 0.000000000000000000e+00 0.000000000000000000e+00 0.000000000000000000e+00
3.273000000000000257e-07 0.000000000000000000e+00 0.000000000000000000e+00 0.000000000000000000e+00 9.668000000000000115e-10 0.000000000000000000e+00 0.000000000000000000e+00 0.000000000000000000e+00
3.180000000000000153e-07 0.000000000000000000e+00 0.000000000000000000e+00 0.000000000000000000e+00 9.853999999999999266e-10 0.000000000000000000e+00 0.000000000000000000e+00 0.000000000000000000e+00
3.089999999999999744e-07 0.000000000000000000e+00 0.000000000000000000e+00 0.000000000000000000e+00 1.004999999999999942e-09 0.000000000000000000e+00 0.000000000000000000e+00 0.000000000000000000e+00
3.002000000000000015e-07 0.000000000000000000e+00 0.000000000000000000e+00 0.000000000000000000e+00 1.025999999999999972e-09 0.000000000000000000e+00 0.000000000000000000e+00 0.000000000000000000e+00
2.916999999999999981e-07 0.000000000000000000e+00 0.000000000000000000e+00 0.000000000000000000e+00 1.048000000000000103e-09 0.000000000000000000e+00 0.000000000000000000e+00 0.000000000000000000e+00
2.834000000000000098e-07 0.000000000000000000e+00 0.000000000000000000e+00 0.000000000000000000e+00 1.165999999999999903e-09 0.000000000000000000e+00 0.000000000000000000e+00 0.000000000000000000e+00
2.753999999999999911e-07 0.000000000000000000e+00 0.000000000000000000e+00 0.000000000000000000e+00 1.296000000000000074e-09 0.000000000000000000e+00 0.000000000000000000e+00 0.000000000000000000e+00
2.675999999999999875e-07 0.000000000000000000e+00 0.000000000000000000e+00 0.000000000000000000e+00 1.434000000000000011e-09 0.000000000000000000e+00 0.000000000000000000e+00 0.000000000000000000e+00
2.599999999999999988e-07 0.000000000000000000e+00 0.000000000000000000e+00 0.000000000000000000e+00 1.579000000000000027e-09 0.000000000000000000e+00 0.000000000000000000e+00 0.000000000000000000e+00
2.526000000000000252e-07 0.000000000000000000e+00 0.000000000000000000e+00 0.000000000000000000e+00 1.732999999999999909e-09 0.000000000000000000e+00 0.000000000000000000e+00 0.000000000000000000e+00
2.454000000000000137e-07 0.000000000000000000e+00 0.000000000000000000e+00 0.000000000000000000e+00 1.739999999999999988e-09 0.000000000000000000e+00 0.000000000000000000e+00 0.000000000000000000e+00
2.385000000000000247e-07 0.000000000000000000e+00 0.000000000000000000e+00 0.000000000000000000e+00 1.739999999999999988e-09 0.000000000000000000e+00 0.000000000000000000e+00 0.000000000000000000e+00
2.316999999999999903e-07 0.000000000000000000e+00 0.000000000000000000e+00 0.000000000000000000e+00 1.739999999999999988e-09 0.000000000000000000e+00 0.000000000000000000e+00 0.000000000000000000e+00
2.250999999999999973e-07 0.000000000000000000e+00 0.000000000000000000e+00 0.000000000000000000e+00 1.739999999999999988e-09 0.000000000000000000e+00 0.000000000000000000e+00 0.000000000000000000e+00
2.186999999999999930e-07 0.000000000000000000e+00 0.000000000000000000e+00 0.000000000000000000e+00 1.739999999999999988e-09 0.000000000000000000e+00 0.000000000000000000e+00 0.000000000000000000e+00
2.125000000000000036e-07 0.000000000000000000e+00 0.000000000000000000e+00 0.000000000000000000e+00 1.739999999999999988e-09 0.000000000000000000e+00 0.000000000000000000e+00 0.000000000000000000e+00
2.065000000000000028e-07 0.000000000000000000e+00 0.000000000000000000e+00 0.000000000000000000e+00 1.739999999999999988e-09 0.000000000000000000e+00 0.000000000000000000e+00 0.000000000000000000e+00
2.006000000000000096e-07 0.000000000000000000e+00 0.000000000000000000e+00 0.000000000000000000e+00 1.739999999999999988e-09 0.000000000000000000e+00 0.000000000000000000e+00 0.000000000000000000e+00
1.949000000000000048e-07 0.000000000000000000e+00 0.000000000000000000e+00 0.000000000000000000e+00 1.739999999999999988e-09 0.000000000000000000e+00 0.000000000000000000e+00 0.000000000000000000e+00
1.893999999999999887e-07 0.000000000000000000e+00 0.000000000000000000e+00 0.000000000000000000e+00 1.739999999999999988e-09 0.000000000000000000e+00 0.000000000000000000e+00 0.000000000000000000e+00
1.840000000000000065e-07 0.000000000000000000e+00 0.000000000000000000e+00 0.000000000000000000e+00 1.739999999999999988e-09 0.000000000000000000e+00 0.000000000000000000e+00 0.000000000000000000e+00
1.788000000000000129e-07 0.000000000000000000e+00 0.000000000000000000e+00 0.000000000000000000e+00 1.739999999999999988e-09 0.000000000000000000e+00 0.000000000000000000e+00 0.000000000000000000e+00
1.737000000000000003e-07 0.000000000000000000e+00 0.000000000000000000e+00 0.000000000000000000e+00 1.739999999999999988e-09 0.000000000000000000e+00 0.000000000000000000e+00 0.000000000000000000e+00
1.688000000000000027e-07 0.000000000000000000e+00 0.000000000000000000e+00 0.000000000000000000e+00 1.739999999999999988e-09 0.000000000000000000e+00 0.000000000000000000e+00 0.000000000000000000e+00
1.640000000000000127e-07 0.000000000000000000e+00 0.000000000000000000e+00 0.000000000000000000e+00 1.739999999999999988e-09 0.000000000000000000e+00 0.000000000000000000e+00 0.000000000000000000e+00
1.594000000000000112e-07 0.000000000000000000e+00 0.000000000000000000e+00 0.000000000000000000e+00 1.739999999999999988e-09 0.000000000000000000e+00 0.000000000000000000e+00 0.000000000000000000e+00
1.551000000000000058e-07 0.000000000000000000e+00 0.000000000000000000e+00 0.000000000000000000e+00 1.739999999999999988e-09 0.000000000000000000e+00 0.000000000000000000e+00 0.000000000000000000e+00
1.509000000000000079e-07 0.000000000000000000e+00 0.000000000000000000e+00 0.000000000000000000e+00 1.739999999999999988e-09 0.000000000000000000e+00 0.000000000000000000e+00 0.000000000000000000e+00
1.468999999999999985e-07 0.000000000000000000e+00 0.000000000000000000e+00 0.000000000000000000e+00 1.739999999999999988e-09 0.000000000000000000e+00 0.000000000000000000e+00 0.000000000000000000e+00
1.429999999999999967e-07 0.000000000000000000e+00 0.000000000000000000e+00 0.000000000000000000e+00 1.739999999999999988e-09 0.000000000000000000e+00 0.000000000000000000e+00 0.000000000000000000e+00
1.392000000000000024e-07 0.000000000000000000e+00 0.000000000000000000e+00 0.000000000000000000e+00 1.739999999999999988e-09 0.000000000000000000e+00 0.000000000000000000e+00 0.000000000000000000e+00
1.355999999999999966e-07 0.000000000000000000e+00 0.000000000000000000e+00 0.000000000000000000e+00 1.739999999999999988e-09 0.000000000000000000e+00 0.000000000000000000e+00 0.000000000000000000e+00
1.319999999999999909e-07 0.000000000000000000e+00 0.000000000000000000e+00 0.000000000000000000e+00 1.739999999999999988e-09 0.000000000000000000e+00 0.000000000000000000e+00 0.000000000000000000e+00
1.286000000000000001e-07 0.000000000000000000e+00 0.000000000000000000e+00 0.000000000000000000e+00 1.739999999999999988e-09 0.000000000000000000e+00 0.000000000000000000e+00 0.000000000000000000e+00
1.249999999999999943e-07 0.000000000000000000e+00 0.000000000000000000e+00 0.000000000000000000e+00 1.739999999999999988e-09 0.000000000000000000e+00 0.000000000000000000e+00 0.000000000000000000e+00
1.216000000000000036e-07 0.000000000000000000e+00 0.000000000000000000e+00 0.000000000000000000e+00 1.739999999999999988e-09 0.000000000000000000e+00 0.000000000000000000e+00 0.000000000000000000e+00
1.181999999999999996e-07 0.000000000000000000e+00 0.000000000000000000e+00 0.000000000000000000e+00 1.739999999999999988e-09 0.000000000000000000e+00 0.000000000000000000e+00 0.000000000000000000e+00
1.149999999999999974e-07 0.000000000000000000e+00 0.000000000000000000e+00 0.000000000000000000e+00 1.739999999999999988e-09 0.000000000000000000e+00 0.000000000000000000e+00 0.000000000000000000e+00
1.117999999999999953e-07 0.000000000000000000e+00 0.000000000000000000e+00 0.000000000000000000e+00 1.739999999999999988e-09 0.000000000000000000e+00 0.000000000000000000e+00 0.000000000000000000e+00
1.087999999999999949e-07 0.000000000000000000e+00 0.000000000000000000e+00 0.000000000000000000e+00 1.739999999999999988e-09 0.000000000000000000e+00 0.000000000000000000e+00 0.000000000000000000e+00
1.057999999999999945e-07 0.000000000000000000e+00 0.000000000000000000e+00 0.000000000000000000e+00 1.739999999999999988e-09 0.000000000000000000e+00 0.000000000000000000e+00 0.000000000000000000e+00
1.029000000000000016e-07 0.000000000000000000e+00 0.000000000000000000e+00 0.000000000000000000e+00 1.739999999999999988e-09 0.000000000000000000e+00 0.000000000000000000e+00 0.000000000000000000e+00
9.997000000000000116e-08 0.000000000000000000e+00 0.000000000000000000e+00 0.000000000000000000e+00 1.739999999999999988e-09 0.000000000000000000e+00 0.000000000000000000e+00 0.000000000000000000e+00
9.708000000000000639e-08 0.000000000000000000e+00 0.000000000000000000e+00 0.000000000000000000e+00 1.739999999999999988e-09 0.000000000000000000e+00 0.000000000000000000e+00 0.000000000000000000e+00
9.427999999999999455e-08 0.000000000000000000e+00 0.000000000000000000e+00 0.000000000000000000e+00 1.739999999999999988e-09 0.000000000000000000e+00 0.000000000000000000e+00 0.000000000000000000e+00
9.154999999999999591e-08 0.000000000000000000e+00 0.000000000000000000e+00 0.000000000000000000e+00 1.739999999999999988e-09 0.000000000000000000e+00 0.000000000000000000e+00 0.000000000000000000e+00
8.889999999999999534e-08 0.000000000000000000e+00 0.000000000000000000e+00 0.000000000000000000e+00 1.739999999999999988e-09 0.000000000000000000e+00 0.000000000000000000e+00 0.000000000000000000e+00
8.631999999999999474e-08 0.000000000000000000e+00 0.000000000000000000e+00 0.000000000000000000e+00 1.739999999999999988e-09 0.000000000000000000e+00 0.000000000000000000e+00 0.000000000000000000e+00
8.380999999999999410e-08 0.000000000000000000e+00 0.000000000000000000e+00 0.000000000000000000e+00 1.739999999999999988e-09 0.000000000000000000e+00 0.000000000000000000e+00 0.000000000000000000e+00
8.136999999999999343e-08 0.000000000000000000e+00 0.000000000000000000e+00 0.000000000000000000e+00 1.739999999999999988e-09 0.000000000000000000e+00 0.000000000000000000e+00 0.000000000000000000e+00
7.882000000000000037e-08 0.000000000000000000e+00 0.000000000000000000e+00 0.000000000000000000e+00 1.739999999999999988e-09 0.000000000000000000e+00 0.000000000000000000e+00 0.000000000000000000e+00
7.633999999999999405e-08 0.000000000000000000e+00 0.000000000000000000e+00 0.000000000000000000e+00 1.739999999999999988e-09 0.000000000000000000e+00 0.000000000000000000e+00 0.000000000000000000e+00
7.392000000000000282e-08 0.000000000000000000e+00 0.000000000000000000e+00 0.000000000000000000e+00 1.739999999999999988e-09 0.000000000000000000e+00 0.000000000000000000e+00 0.000000000000000000e+00
7.156000000000000021e-08 0.000000000000000000e+00 0.000000000000000000e+00 0.000000000000000000e+00 1.739999999999999988e-09 0.000000000000000000e+00 0.000000000000000000e+00 0.000000000000000000e+00
6.925999999999999947e-08 0.000000000000000000e+00 0.000000000000000000e+00 0.000000000000000000e+00 1.739999999999999988e-09 0.000000000000000000e+00 0.000000000000000000e+00 0.000000000000000000e+00
6.702000000000000059e-08 0.000000000000000000e+00 0.000000000000000000e+00 0.000000000000000000e+00 1.739999999999999988e-09 0.000000000000000000e+00 0.000000000000000000e+00 0.000000000000000000e+00
6.483000000000000546e-08 0.000000000000000000e+00 0.000000000000000000e+00 0.000000000000000000e+00 1.739999999999999988e-09 0.000000000000000000e+00 0.000000000000000000e+00 0.000000000000000000e+00
6.269000000000000086e-08 0.000000000000000000e+00 0.000000000000000000e+00 0.000000000000000000e+00 1.739999999999999988e-09 0.000000000000000000e+00 0.000000000000000000e+00 0.000000000000000000e+00
6.048999999999999439e-08 0.000000000000000000e+00 0.000000000000000000e+00 0.000000000000000000e+00 1.739999999999999988e-09 0.000000000000000000e+00 0.000000000000000000e+00 0.000000000000000000e+00
5.833000000000000020e-08 0.000000000000000000e+00 0.000000000000000000e+00 0.000000000000000000e+00 1.739999999999999988e-09 0.000000000000000000e+00 0.000000000000000000e+00 0.000000000000000000e+00
5.622000000000000314e-08 0.000000000000000000e+00 0.000000000000000000e+00 0.000000000000000000e+00 1.739999999999999988e-09 0.000000000000000000e+00 0.000000000000000000e+00 0.000000000000000000e+00
5.416000000000000322e-08 0.000000000000000000e+00 0.000000000000000000e+00 0.000000000000000000e+00 1.739999999999999988e-09 0.000000000000000000e+00 0.000000000000000000e+00 0.000000000000000000e+00
5.214000000000000234e-08 0.000000000000000000e+00 0.000000000000000000e+00 0.000000000000000000e+00 1.739999999999999988e-09 0.000000000000000000e+00 0.000000000000000000e+00 0.000000000000000000e+00
5.016999999999999860e-08 0.000000000000000000e+00 0.000000000000000000e+00 0.000000000000000000e+00 1.739999999999999988e-09 0.000000000000000000e+00 0.000000000000000000e+00 0.000000000000000000e+00
4.823000000000000240e-08 0.000000000000000000e+00 0.000000000000000000e+00 0.000000000000000000e+00 1.739999999999999988e-09 0.000000000000000000e+00 0.000000000000000000e+00 0.000000000000000000e+00
4.633999999999999673e-08 0.000000000000000000e+00 0.000000000000000000e+00 0.000000000000000000e+00 1.739999999999999988e-09 0.000000000000000000e+00 0.000000000000000000e+00 0.000000000000000000e+00
4.450999999999999953e-08 0.000000000000000000e+00 0.000000000000000000e+00 0.000000000000000000e+00 1.739999999999999988e-09 0.000000000000000000e+00 0.000000000000000000e+00 0.000000000000000000e+00
4.272000000000000137e-08 0.000000000000000000e+00 0.000000000000000000e+00 0.000000000000000000e+00 1.739999999999999988e-09 0.000000000000000000e+00 0.000000000000000000e+00 0.000000000000000000e+00
4.095999999999999752e-08 0.000000000000000000e+00 0.000000000000000000e+00 0.000000000000000000e+00 1.739999999999999988e-09 0.000000000000000000e+00 0.000000000000000000e+00 0.000000000000000000e+00
3.923999999999999933e-08 0.000000000000000000e+00 0.000000000000000000e+00 0.000000000000000000e+00 1.739999999999999988e-09 0.000000000000000000e+00 0.000000000000000000e+00 0.000000000000000000e+00
3.755000000000000206e-08 0.000000000000000000e+00 0.000000000000000000e+00 0.000000000000000000e+00 1.739999999999999988e-09 0.000000000000000000e+00 0.000000000000000000e+00 0.000000000000000000e+00
3.588999999999999911e-08 0.000000000000000000e+00 0.000000000000000000e+00 0.000000000000000000e+00 1.739999999999999988e-09 0.000000000000000000e+00 0.000000000000000000e+00 0.000000000000000000e+00
3.425999999999999708e-08 0.000000000000000000e+00 0.000000000000000000e+00 0.000000000000000000e+00 1.739999999999999988e-09 0.000000000000000000e+00 0.000000000000000000e+00 0.000000000000000000e+00
3.266000000000000261e-08 0.000000000000000000e+00 0.000000000000000000e+00 0.000000000000000000e+00 1.739999999999999988e-09 0.000000000000000000e+00 0.000000000000000000e+00 0.000000000000000000e+00
3.127000000000000141e-08 0.000000000000000000e+00 0.000000000000000000e+00 0.000000000000000000e+00 1.739999999999999988e-09 0.000000000000000000e+00 0.000000000000000000e+00 0.000000000000000000e+00
2.990000000000000304e-08 0.000000000000000000e+00 0.000000000000000000e+00 0.000000000000000000e+00 1.739999999999999988e-09 0.000000000000000000e+00 0.000000000000000000e+00 0.000000000000000000e+00
2.855999999999999898e-08 0.000000000000000000e+00 0.000000000000000000e+00 0.000000000000000000e+00 1.739999999999999988e-09 0.000000000000000000e+00 0.000000000000000000e+00 0.000000000000000000e+00
